MEME version 4

ALPHABET= ACGT

strands: + -

Background letter frequencies
A 0.25 C 0.25 G 0.25 T 0.25

MOTIF ANDR_MOUSE.H11MO.0.A
letter-probability matrix: alength= 4 w= 16 nsites= 500
0.40199999999999997	0.016	0.52	0.06199999999999999
0.026000000000000002	0.004	0.9440000000000001	0.026000000000000002
0.452	0.192	0.214	0.14200000000000002
0.902	0.018000000000000002	0.026000000000000002	0.054
0.0	0.962	0.026000000000000002	0.012
0.8160000000000001	0.016	0.094	0.07400000000000001
0.055999999999999994	0.41	0.264	0.27
0.0	0.37799999999999995	0.0	0.622
0.128	0.38399999999999995	0.37	0.118
0.084	0.056	0.012	0.848
0.004	0.01	0.986	0.0
0.024	0.026000000000000002	0.018000000000000002	0.932
0.148	0.212	0.206	0.43399999999999994
0.032	0.934	0.004	0.03
0.05399999999999999	0.534	0.004	0.408
0.136	0.31	0.19199999999999998	0.362
URL http://hocomoco.autosome.ru/motif/ANDR_MOUSE.H11MO.0.A