MEME version 4

ALPHABET= ACGT

strands: + -

Background letter frequencies
A 0.25 C 0.25 G 0.25 T 0.25

MOTIF BATF_MOUSE.H11MO.0.A
letter-probability matrix: alength= 4 w= 18 nsites= 500
0.396	0.064	0.29000000000000004	0.25
0.16999999999999998	0.262	0.39799999999999996	0.16999999999999998
0.088	0.074	0.156	0.6819999999999999
0.148	0.348	0.118	0.38599999999999995
0.134	0.294	0.104	0.46799999999999997
0.2	0.454	0.1	0.246
0.304	0.16599999999999998	0.372	0.158
0.482	0.138	0.198	0.182
0.39999999999999997	0.038	0.174	0.38799999999999996
0.648	0.122	0.046	0.184
0.006000000000000001	0.002	0.002	0.99
0.004	0.032	0.894	0.07
0.974	0.004	0.01	0.012
0.09399999999999999	0.598	0.304	0.004
0.094	0.022000000000000002	0.008	0.876
0.13799999999999998	0.534	0.294	0.034
0.622	0.044000000000000004	0.10200000000000001	0.232
0.13	0.20400000000000001	0.41200000000000003	0.254
URL http://hocomoco.autosome.ru/motif/BATF_MOUSE.H11MO.0.A