MEME version 4

ALPHABET= ACGT

strands: + -

Background letter frequencies
A 0.25 C 0.25 G 0.25 T 0.25

MOTIF BCL6_MOUSE.H11MO.0.A
letter-probability matrix: alength= 4 w= 13 nsites= 500
0.18	0.21599999999999997	0.178	0.42599999999999993
0.20800000000000002	0.14400000000000002	0.44	0.20800000000000002
0.182	0.626	0.08600000000000001	0.106
0.144	0.12599999999999997	0.05399999999999999	0.6759999999999999
0.047999999999999994	0.316	0.068	0.568
0.04	0.044000000000000004	0.012	0.904
0.004	0.876	0.008	0.112
0.038	0.524	0.046	0.39199999999999996
0.956	0.02	0.016	0.008
0.13	0.004	0.812	0.054
0.028	0.066	0.838	0.068
0.672	0.096	0.136	0.096
0.776	0.07200000000000001	0.026000000000000002	0.126
URL http://hocomoco.autosome.ru/motif/BCL6_MOUSE.H11MO.0.A