MEME version 4

ALPHABET= ACGT

strands: + -

Background letter frequencies
A 0.25 C 0.25 G 0.25 T 0.25

MOTIF BRAC_MOUSE.H11MO.0.B
letter-probability matrix: alength= 4 w= 25 nsites= 435
0.17701149425287355	0.1540229885057471	0.19310344827586204	0.4758620689655172
0.08735632183908046	0.0689655172413793	0.11034482758620688	0.7333333333333333
0.03908045977011495	0.036781609195402305	0.3448275862068966	0.5793103448275861
0.2804597701149425	0.18160919540229883	0.14252873563218388	0.39540229885057465
0.2114942528735632	0.35172413793103446	0.3425287356321839	0.09425287356321838
0.027586206896551724	0.8482758620689655	0.03908045977011495	0.08505747126436781
0.7517241379310345	0.059770114942528735	0.041379310344827586	0.14712643678160922
0.10804597701149424	0.34712643678160915	0.16321839080459769	0.3816091954022988
0.3885057471264368	0.23908045977011494	0.10114942528735632	0.271264367816092
0.2827586206896552	0.09885057471264368	0.13793103448275862	0.4804597701149425
0.25517241379310346	0.11494252873563218	0.5103448275862069	0.11954022988505747
0.2022988505747126	0.17011494252873563	0.19310344827586204	0.4344827586206896
0.04597701149425287	0.503448275862069	0.3931034482758621	0.05747126436781609
0.016091954022988506	0.018390804597701153	0.002298850574712644	0.9632183908045977
0.013793103448275862	0.04827586206896552	0.9172413793103449	0.020689655172413793
0.07356321839080461	0.09195402298850575	0.022988505747126436	0.8114942528735632
0.022988505747126436	0.42758620689655175	0.40229885057471265	0.14712643678160922
0.7862068965517242	0.041379310344827586	0.03908045977011495	0.13333333333333333
0.6988505747126437	0.08735632183908046	0.14022988505747125	0.07356321839080461
0.19999999999999998	0.10344827586206895	0.1057471264367816	0.5908045977011493
0.03448275862068965	0.12873563218390802	0.16551724137931034	0.6712643678160919
0.1264367816091954	0.3862068965517241	0.11034482758620688	0.3770114942528735
0.3724137931034483	0.23908045977011494	0.20689655172413793	0.18160919540229886
0.08505747126436781	0.1540229885057471	0.15632183908045977	0.6045977011494252
0.1103448275862069	0.167816091954023	0.4689655172413793	0.25287356321839083
URL http://hocomoco.autosome.ru/motif/BRAC_MOUSE.H11MO.0.B