MEME version 4

ALPHABET= ACGT

strands: + -

Background letter frequencies
A 0.25 C 0.25 G 0.25 T 0.25

MOTIF CDX2_MOUSE.H11MO.0.A
letter-probability matrix: alength= 4 w= 12 nsites= 500
0.118	0.162	0.13	0.59
0.018000000000000002	0.008	0.012	0.962
0.008	0.012	0.002	0.978
0.034	0.018000000000000002	0.02	0.928
0.95	0.018000000000000002	0.016	0.016
0.002	0.062	0.012	0.924
0.11199999999999999	0.006	0.45999999999999996	0.422
0.38599999999999995	0.011999999999999999	0.5619999999999999	0.04
0.038000000000000006	0.754	0.062	0.14600000000000002
0.12399999999999999	0.42999999999999994	0.04	0.40599999999999997
0.11399999999999999	0.24999999999999997	0.16	0.4759999999999999
0.092	0.22599999999999998	0.12199999999999998	0.5599999999999999
URL http://hocomoco.autosome.ru/motif/CDX2_MOUSE.H11MO.0.A