MEME version 4

ALPHABET= ACGT

strands: + -

Background letter frequencies
A 0.25 C 0.25 G 0.25 T 0.25

MOTIF CDX4_MOUSE.H11MO.0.A
letter-probability matrix: alength= 4 w= 12 nsites= 500
0.24999999999999997	0.018	0.11199999999999999	0.62
0.184	0.006000000000000001	0.7020000000000001	0.108
0.8220000000000001	0.046	0.016	0.116
0.022000000000000002	0.01	0.02	0.948
0.016	0.006000000000000001	0.022000000000000002	0.956
0.08399999999999999	0.046	0.08399999999999999	0.7859999999999999
0.962	0.014	0.02	0.004
0.04	0.182	0.038	0.74
0.16999999999999998	0.032	0.46799999999999997	0.32999999999999996
0.208	0.05399999999999999	0.644	0.09399999999999999
0.07600000000000001	0.562	0.16	0.202
0.19399999999999998	0.414	0.11999999999999998	0.272
URL http://hocomoco.autosome.ru/motif/CDX4_MOUSE.H11MO.0.A