MEME version 4

ALPHABET= ACGT

strands: + -

Background letter frequencies
A 0.25 C 0.25 G 0.25 T 0.25

MOTIF COT2_MOUSE.H11MO.0.A
letter-probability matrix: alength= 4 w= 13 nsites= 500
0.17200000000000001	0.34800000000000003	0.252	0.228
0.272	0.424	0.14400000000000002	0.16
0.548	0.19	0.11	0.15200000000000002
0.4799999999999999	0.08199999999999999	0.37599999999999995	0.06199999999999999
0.764	0.004	0.222	0.01
0.034	0.0	0.956	0.01
0.016	0.006000000000000001	0.954	0.024
0.018000000000000002	0.062	0.08800000000000001	0.8320000000000001
0.004	0.908	0.04	0.048
0.972	0.002	0.01	0.016
0.32799999999999996	0.156	0.37599999999999995	0.13999999999999999
0.414	0.146	0.352	0.088
0.28400000000000003	0.108	0.406	0.202
URL http://hocomoco.autosome.ru/motif/COT2_MOUSE.H11MO.0.A