MEME version 4

ALPHABET= ACGT

strands: + -

Background letter frequencies
A 0.25 C 0.25 G 0.25 T 0.25

MOTIF CTCFL_MOUSE.H11MO.0.A
letter-probability matrix: alength= 4 w= 18 nsites= 495
0.19393939393939394	0.20202020202020202	0.4767676767676768	0.12727272727272726
0.05454545454545455	0.8181818181818182	0.08484848484848485	0.04242424242424243
0.016161616161616165	0.9676767676767677	0.008080808080808083	0.008080808080808083
0.3434343434343434	0.10707070707070707	0.397979797979798	0.15151515151515152
0.09696969696969696	0.509090909090909	0.3838383838383838	0.0101010101010101
0.052525252525252523	0.5939393939393939	0.0808080808080808	0.2727272727272727
0.901010101010101	0.026262626262626262	0.050505050505050504	0.022222222222222223
0.004040404040404041	0.004040404040404041	0.9919191919191919	0.0
0.1696969696969697	0.0	0.8262626262626263	0.004040404040404041
0.044444444444444446	0.052525252525252523	0.787878787878788	0.11515151515151516
0.008080808080808083	0.004040404040404041	0.9838383838383838	0.004040404040404041
0.0020202020202020206	0.018181818181818184	0.9414141414141414	0.03838383838383839
0.046464646464646465	0.9474747474747475	0.0	0.0060606060606060615
0.13535353535353536	0.0020202020202020206	0.8585858585858586	0.004040404040404041
0.022222222222222223	0.787878787878788	0.14949494949494951	0.04040404040404041
0.1111111111111111	0.38989898989898986	0.09494949494949494	0.404040404040404
0.23434343434343433	0.3131313131313131	0.39797979797979793	0.05454545454545454
0.08484848484848484	0.3656565656565656	0.2606060606060606	0.28888888888888886
URL http://hocomoco.autosome.ru/motif/CTCFL_MOUSE.H11MO.0.A