MEME version 4

ALPHABET= ACGT

strands: + -

Background letter frequencies
A 0.25 C 0.25 G 0.25 T 0.25

MOTIF CTCF_MOUSE.H11MO.0.A
letter-probability matrix: alength= 4 w= 20 nsites= 500
0.08	0.368	0.128	0.424
0.148	0.176	0.526	0.15
0.204	0.092	0.588	0.11599999999999999
0.04	0.876	0.048	0.036000000000000004
0.008	0.99	0.0	0.002
0.636	0.018	0.286	0.05999999999999999
0.02	0.602	0.368	0.01
0.10400000000000001	0.6120000000000001	0.042	0.242
0.886	0.038000000000000006	0.052000000000000005	0.024
0.002	0.0	0.994	0.004
0.348	0.0	0.6499999999999999	0.002
0.034	0.036	0.64	0.29
0.002	0.008	0.98	0.01
0.022000000000000002	0.02	0.9	0.058
0.066	0.904	0.0	0.03
0.25199999999999995	0.006	0.738	0.004
0.064	0.67	0.246	0.02
0.09	0.362	0.118	0.42999999999999994
0.292	0.304	0.358	0.046
0.092	0.24199999999999997	0.36	0.306
URL http://hocomoco.autosome.ru/motif/CTCF_MOUSE.H11MO.0.A