MEME version 4

ALPHABET= ACGT

strands: + -

Background letter frequencies
A 0.25 C 0.25 G 0.25 T 0.25

MOTIF DMRTB_MOUSE.H11MO.0.C
letter-probability matrix: alength= 4 w= 16 nsites= 500
0.11999999999999998	0.24199999999999997	0.23799999999999996	0.39999999999999997
0.19799999999999998	0.09599999999999999	0.296	0.41
0.036000000000000004	0.024	0.866	0.07400000000000001
0.30000000000000004	0.434	0.042	0.224
0.266	0.12199999999999998	0.027999999999999997	0.584
0.86	0.064	0.032	0.044000000000000004
0.01	0.95	0.026000000000000002	0.014
0.6619999999999999	0.041999999999999996	0.026	0.27
0.0	0.004	0.26	0.736
0.128	0.022000000000000002	0.036000000000000004	0.8140000000000001
0.038000000000000006	0.05	0.848	0.064
0.046	0.042	0.026000000000000002	0.886
0.48999999999999994	0.08	0.12599999999999997	0.304
0.19999999999999998	0.05399999999999999	0.33799999999999997	0.408
0.066	0.8320000000000001	0.042	0.06
0.324	0.33599999999999997	0.066	0.274
URL http://hocomoco.autosome.ru/motif/DMRTB_MOUSE.H11MO.0.C