MEME version 4

ALPHABET= ACGT

strands: + -

Background letter frequencies
A 0.25 C 0.25 G 0.25 T 0.25

MOTIF E2F4_MOUSE.H11MO.0.A
letter-probability matrix: alength= 4 w= 14 nsites= 500
0.38199999999999995	0.18999999999999997	0.274	0.154
0.23399999999999999	0.09999999999999999	0.604	0.06199999999999999
0.204	0.068	0.5519999999999999	0.176
0.24799999999999997	0.066	0.53	0.156
0.024	0.07400000000000001	0.9	0.002
0.012	0.008	0.97	0.01
0.026000000000000002	0.898	0.006000000000000001	0.07
0.008	0.002	0.958	0.032
0.002	0.048	0.91	0.04
0.068	0.01	0.904	0.018000000000000002
0.578	0.047999999999999994	0.32599999999999996	0.047999999999999994
0.396	0.394	0.106	0.10400000000000001
0.30200000000000005	0.28	0.17600000000000002	0.242
0.27999999999999997	0.19599999999999998	0.19599999999999998	0.32799999999999996
URL http://hocomoco.autosome.ru/motif/E2F4_MOUSE.H11MO.0.A