MEME version 4

ALPHABET= ACGT

strands: + -

Background letter frequencies
A 0.25 C 0.25 G 0.25 T 0.25

MOTIF E2F7_MOUSE.H11MO.0.C
letter-probability matrix: alength= 4 w= 13 nsites= 500
0.19599999999999998	0.148	0.53	0.12599999999999997
0.338	0.032	0.41600000000000004	0.214
0.142	0.08199999999999999	0.7719999999999999	0.004
0.044000000000000004	0.004	0.9420000000000001	0.01
0.084	0.854	0.004	0.058
0.14	0.016	0.8140000000000001	0.03
0.022000000000000002	0.012	0.958	0.008
0.20400000000000001	0.006000000000000001	0.776	0.014
0.714	0.004	0.27599999999999997	0.006
0.6040000000000001	0.138	0.24	0.018000000000000002
0.428	0.192	0.224	0.156
0.34400000000000003	0.08600000000000001	0.35600000000000004	0.214
0.26	0.152	0.48599999999999993	0.102
URL http://hocomoco.autosome.ru/motif/E2F7_MOUSE.H11MO.0.C