MEME version 4

ALPHABET= ACGT

strands: + -

Background letter frequencies
A 0.25 C 0.25 G 0.25 T 0.25

MOTIF EGR2_MOUSE.H11MO.0.A
letter-probability matrix: alength= 4 w= 14 nsites= 500
0.13799999999999998	0.142	0.41800000000000004	0.302
0.09400000000000001	0.13400000000000004	0.728	0.044000000000000004
0.222	0.3980000000000001	0.06800000000000002	0.31200000000000006
0.020000000000000004	0.012000000000000002	0.95	0.018000000000000002
0.008	0.014	0.296	0.682
0.062	0.004	0.926	0.008
0.0020000000000000005	0.004000000000000001	0.984	0.010000000000000002
0.0020000000000000005	0.018000000000000002	0.98	0.0
0.248	0.41800000000000004	0.014000000000000002	0.32000000000000006
0.028000000000000004	0.016000000000000004	0.924	0.03200000000000001
0.07200000000000001	0.008000000000000002	0.73	0.19000000000000003
0.25199999999999995	0.096	0.542	0.11
0.18799999999999997	0.10799999999999998	0.528	0.176
0.22399999999999998	0.16999999999999998	0.5	0.106
URL http://hocomoco.autosome.ru/motif/EGR2_MOUSE.H11MO.0.A