MEME version 4

ALPHABET= ACGT

strands: + -

Background letter frequencies
A 0.25 C 0.25 G 0.25 T 0.25

MOTIF ELF5_MOUSE.H11MO.0.A
letter-probability matrix: alength= 4 w= 17 nsites= 500
0.314	0.066	0.546	0.074
0.188	0.062	0.73	0.02
0.612	0.072	0.288	0.027999999999999997
0.906	0.002	0.054	0.038000000000000006
0.19599999999999998	0.186	0.572	0.046
0.44799999999999995	0.142	0.39599999999999996	0.013999999999999999
0.878	0.014	0.10200000000000001	0.006000000000000001
0.0	0.006000000000000001	0.978	0.016
0.012	0.002	0.986	0.0
0.992	0.006000000000000001	0.0	0.002
0.986	0.004	0.004	0.006000000000000001
0.20600000000000002	0.044000000000000004	0.738	0.012
0.446	0.096	0.218	0.24
0.44199999999999995	0.09	0.348	0.11999999999999998
0.27599999999999997	0.134	0.5019999999999999	0.088
0.416	0.128	0.32799999999999996	0.128
0.414	0.134	0.308	0.144
URL http://hocomoco.autosome.ru/motif/ELF5_MOUSE.H11MO.0.A