MEME version 4

ALPHABET= ACGT

strands: + -

Background letter frequencies
A 0.25 C 0.25 G 0.25 T 0.25

MOTIF ERR2_MOUSE.H11MO.0.A
letter-probability matrix: alength= 4 w= 17 nsites= 500
0.404	0.152	0.288	0.156
0.544	0.13	0.11800000000000002	0.20800000000000002
0.21599999999999997	0.102	0.506	0.176
0.05999999999999999	0.18799999999999997	0.18	0.572
0.046000000000000006	0.16800000000000004	0.020000000000000004	0.766
0.04800000000000001	0.856	0.09400000000000001	0.0020000000000000005
0.886	0.07200000000000001	0.03200000000000001	0.010000000000000002
0.96	0.0	0.036000000000000004	0.004
0.024000000000000004	0.004000000000000001	0.958	0.014000000000000002
0.0020000000000000005	0.010000000000000002	0.97	0.018000000000000002
0.04800000000000001	0.008000000000000002	0.024000000000000004	0.92
0.010000000000000002	0.936	0.018000000000000002	0.036000000000000004
0.904	0.06400000000000002	0.014000000000000002	0.018000000000000002
0.162	0.25399999999999995	0.146	0.43799999999999994
0.23600000000000002	0.442	0.132	0.19
0.104	0.46799999999999997	0.16999999999999998	0.258
0.24799999999999997	0.16	0.148	0.444
URL http://hocomoco.autosome.ru/motif/ERR2_MOUSE.H11MO.0.A