MEME version 4

ALPHABET= ACGT

strands: + -

Background letter frequencies
A 0.25 C 0.25 G 0.25 T 0.25

MOTIF ESR1_MOUSE.H11MO.0.A
letter-probability matrix: alength= 4 w= 15 nsites= 500
0.5579999999999999	0.046	0.306	0.09
0.094	0.006000000000000001	0.768	0.132
0.098	0.07200000000000001	0.804	0.026000000000000002
0.24199999999999997	0.06999999999999999	0.10799999999999998	0.58
0.002	0.85	0.11800000000000001	0.03
0.928	0.006000000000000001	0.046	0.02
0.074	0.5619999999999999	0.282	0.08199999999999999
0.43799999999999994	0.5619999999999999	0.0	0.0
0.168	0.476	0.246	0.11
0.07600000000000001	0.052000000000000005	0.014	0.858
0.026000000000000002	0.028	0.9380000000000001	0.008
0.55	0.158	0.07400000000000001	0.218
0.066	0.794	0.044000000000000004	0.096
0.10400000000000001	0.8180000000000001	0.0	0.078
0.07	0.376	0.054	0.5
URL http://hocomoco.autosome.ru/motif/ESR1_MOUSE.H11MO.0.A