MEME version 4

ALPHABET= ACGT

strands: + -

Background letter frequencies
A 0.25 C 0.25 G 0.25 T 0.25

MOTIF GATA1_MOUSE.H11MO.0.A
letter-probability matrix: alength= 4 w= 19 nsites= 500
0.09999999999999999	0.21599999999999997	0.18999999999999997	0.49399999999999994
0.062	0.12	0.6000000000000001	0.218
0.108	0.276	0.43	0.186
0.194	0.234	0.37	0.202
0.196	0.21	0.402	0.192
0.162	0.27799999999999997	0.39999999999999997	0.16
0.232	0.20800000000000002	0.368	0.192
0.242	0.244	0.29400000000000004	0.22
0.288	0.148	0.368	0.19599999999999998
0.154	0.45799999999999996	0.318	0.06999999999999999
0.648	0.047999999999999994	0.022	0.282
0.002	0.004	0.99	0.004
0.976	0.006000000000000001	0.012	0.006000000000000001
0.054	0.018000000000000002	0.04	0.888
0.924	0.008	0.014	0.054
0.792	0.012	0.15200000000000002	0.044000000000000004
0.158	0.19399999999999998	0.606	0.041999999999999996
0.32799999999999996	0.206	0.416	0.049999999999999996
0.308	0.268	0.324	0.09999999999999999
URL http://hocomoco.autosome.ru/motif/GATA1_MOUSE.H11MO.0.A