MEME version 4

ALPHABET= ACGT

strands: + -

Background letter frequencies
A 0.25 C 0.25 G 0.25 T 0.25

MOTIF GCR_MOUSE.H11MO.0.A
letter-probability matrix: alength= 4 w= 15 nsites= 500
0.466	0.02	0.404	0.11
0.068	0.008	0.844	0.08
0.35	0.16599999999999998	0.316	0.16799999999999998
0.862	0.026000000000000002	0.024	0.08800000000000001
0.0	0.972	0.018000000000000002	0.01
0.8180000000000001	0.018000000000000002	0.05	0.114
0.15200000000000002	0.25	0.404	0.194
0.63	0.0	0.37	0.0
0.37799999999999995	0.258	0.3	0.064
0.16599999999999998	0.086	0.041999999999999996	0.706
0.022000000000000002	0.006000000000000001	0.966	0.006000000000000001
0.054	0.018000000000000002	0.032	0.896
0.162	0.318	0.13999999999999999	0.37999999999999995
0.054	0.866	0.004	0.07600000000000001
0.10799999999999998	0.38799999999999996	0.034	0.47
URL http://hocomoco.autosome.ru/motif/GCR_MOUSE.H11MO.0.A