MEME version 4

ALPHABET= ACGT

strands: + -

Background letter frequencies
A 0.25 C 0.25 G 0.25 T 0.25

MOTIF HNF1B_MOUSE.H11MO.0.A
letter-probability matrix: alength= 4 w= 15 nsites= 500
0.402	0.056	0.34400000000000003	0.198
0.164	0.03	0.734	0.07200000000000001
0.042	0.056	0.05	0.852
0.09799999999999999	0.08199999999999999	0.072	0.748
0.9380000000000001	0.006000000000000001	0.04	0.016
0.894	0.058	0.006000000000000001	0.042
0.07600000000000001	0.022000000000000002	0.004	0.898
0.39399999999999996	0.0	0.606	0.0
0.744	0.026000000000000002	0.034	0.196
0.082	0.024	0.11	0.784
0.012	0.034	0.008	0.946
0.7100000000000001	0.068	0.092	0.13
0.78	0.094	0.078	0.048
0.082	0.7000000000000001	0.038000000000000006	0.18000000000000002
0.24599999999999997	0.284	0.074	0.39599999999999996
URL http://hocomoco.autosome.ru/motif/HNF1B_MOUSE.H11MO.0.A