MEME version 4

ALPHABET= ACGT

strands: + -

Background letter frequencies
A 0.25 C 0.25 G 0.25 T 0.25

MOTIF HNF4A_MOUSE.H11MO.0.A
letter-probability matrix: alength= 4 w= 14 nsites= 500
0.346	0.18799999999999997	0.33199999999999996	0.134
0.436	0.03	0.39	0.14400000000000002
0.13	0.034	0.75	0.08600000000000001
0.12399999999999999	0.05399999999999999	0.414	0.408
0.108	0.44	0.212	0.24
0.024	0.912	0.002	0.062
0.954	0.012	0.026000000000000002	0.008
0.804	0.006000000000000001	0.164	0.026000000000000002
0.88	0.002	0.10400000000000001	0.014
0.002	0.006000000000000001	0.982	0.01
0.022000000000000002	0.006000000000000001	0.14200000000000002	0.8300000000000001
0.014	0.686	0.092	0.20800000000000002
0.008	0.89	0.01	0.092
0.74	0.042	0.11	0.108
URL http://hocomoco.autosome.ru/motif/HNF4A_MOUSE.H11MO.0.A