MEME version 4

ALPHABET= ACGT

strands: + -

Background letter frequencies
A 0.25 C 0.25 G 0.25 T 0.25

MOTIF HSF1_MOUSE.H11MO.0.A
letter-probability matrix: alength= 4 w= 15 nsites= 500
0.16399999999999998	0.266	0.16599999999999998	0.40399999999999997
0.602	0.023999999999999997	0.34199999999999997	0.032
0.008	0.0	0.99	0.002
0.9400000000000001	0.032	0.016	0.012
0.912	0.018000000000000002	0.04	0.03
0.28800000000000003	0.258	0.24999999999999997	0.20400000000000001
0.21200000000000002	0.232	0.36200000000000004	0.19400000000000003
0.08600000000000001	0.07200000000000001	0.036000000000000004	0.806
0.056	0.016	0.07200000000000001	0.856
0.004	0.99	0.006000000000000001	0.0
0.01	0.318	0.041999999999999996	0.63
0.6619999999999999	0.008	0.322	0.008
0.0	0.0	0.994	0.006000000000000001
0.918	0.018000000000000002	0.036000000000000004	0.028
0.8140000000000001	0.046	0.10200000000000001	0.038000000000000006
URL http://hocomoco.autosome.ru/motif/HSF1_MOUSE.H11MO.0.A