MEME version 4

ALPHABET= ACGT

strands: + -

Background letter frequencies
A 0.25 C 0.25 G 0.25 T 0.25

MOTIF IRF1_MOUSE.H11MO.0.A
letter-probability matrix: alength= 4 w= 20 nsites= 500
0.308	0.14800000000000002	0.41999999999999993	0.124
0.546	0.07200000000000001	0.29800000000000004	0.08400000000000002
0.688	0.11800000000000001	0.10000000000000002	0.09400000000000001
0.718	0.08400000000000002	0.09200000000000001	0.10600000000000001
0.258	0.23399999999999999	0.308	0.19999999999999998
0.25399999999999995	0.186	0.144	0.416
0.14200000000000002	0.004000000000000001	0.85	0.004000000000000001
0.95	0.006000000000000002	0.044000000000000004	0.0
0.988	0.0020000000000000005	0.0020000000000000005	0.008000000000000002
0.998	0.0	0.0	0.0020000000000000005
0.12000000000000001	0.38000000000000006	0.484	0.016000000000000004
0.106	0.19599999999999998	0.004	0.694
0.07600000000000001	0.004000000000000001	0.916	0.004000000000000001
0.936	0.010000000000000002	0.05000000000000001	0.004000000000000001
0.992	0.0	0.006000000000000002	0.0020000000000000005
0.976	0.0020000000000000005	0.010000000000000002	0.012000000000000002
0.046000000000000006	0.41600000000000004	0.514	0.024000000000000004
0.118	0.284	0.047999999999999994	0.5499999999999999
0.424	0.132	0.324	0.11999999999999998
0.464	0.13800000000000004	0.254	0.14400000000000002
URL http://hocomoco.autosome.ru/motif/IRF1_MOUSE.H11MO.0.A