MEME version 4

ALPHABET= ACGT

strands: + -

Background letter frequencies
A 0.25 C 0.25 G 0.25 T 0.25

MOTIF IRF4_MOUSE.H11MO.0.A
letter-probability matrix: alength= 4 w= 18 nsites= 500
0.372	0.136	0.33599999999999997	0.156
0.5780000000000001	0.092	0.14400000000000002	0.186
0.648	0.07	0.14200000000000002	0.14
0.6080000000000001	0.036000000000000004	0.13	0.226
0.272	0.152	0.5099999999999999	0.066
0.49799999999999994	0.16399999999999998	0.29	0.047999999999999994
0.284	0.011999999999999999	0.6779999999999999	0.026
0.14600000000000002	0.022000000000000002	0.8200000000000001	0.012
0.972	0.002	0.016	0.01
0.912	0.026000000000000002	0.016	0.046
0.15	0.424	0.40199999999999997	0.023999999999999997
0.098	0.06	0.016	0.8260000000000001
0.034	0.002	0.952	0.012
0.844	0.01	0.10400000000000001	0.042
0.578	0.052	0.33199999999999996	0.038
0.8260000000000001	0.056	0.046	0.07200000000000001
0.21399999999999997	0.45599999999999996	0.284	0.046
0.24799999999999997	0.27599999999999997	0.104	0.372
URL http://hocomoco.autosome.ru/motif/IRF4_MOUSE.H11MO.0.A