MEME version 4

ALPHABET= ACGT

strands: + -

Background letter frequencies
A 0.25 C 0.25 G 0.25 T 0.25

MOTIF KLF4_MOUSE.H11MO.0.A
letter-probability matrix: alength= 4 w= 15 nsites= 500
0.16999999999999998	0.144	0.34199999999999997	0.344
0.262	0.184	0.47	0.08399999999999999
0.286	0.206	0.42	0.088
0.46199999999999997	0.11999999999999998	0.292	0.12599999999999997
0.256	0.236	0.47	0.038
0.34199999999999997	0.018	0.158	0.48199999999999993
0.106	0.004	0.886	0.004
0.028	0.0	0.892	0.08
0.058	0.044000000000000004	0.884	0.014
0.11599999999999999	0.23199999999999998	0.016	0.636
0.096	0.01	0.878	0.016
0.022	0.006	0.43399999999999994	0.538
0.07400000000000001	0.008	0.8160000000000001	0.10200000000000001
0.064	0.04	0.7220000000000001	0.17400000000000002
0.15000000000000002	0.682	0.07	0.098
URL http://hocomoco.autosome.ru/motif/KLF4_MOUSE.H11MO.0.A