MEME version 4

ALPHABET= ACGT

strands: + -

Background letter frequencies
A 0.25 C 0.25 G 0.25 T 0.25

MOTIF KLF5_MOUSE.H11MO.0.A
letter-probability matrix: alength= 4 w= 15 nsites= 499
0.24248496993987975	0.11022044088176353	0.47695390781563124	0.17034068136272545
0.12625250501002003	0.09018036072144289	0.6613226452905812	0.12224448897795591
0.19839679358717432	0.14829659318637273	0.5511022044088176	0.10220440881763526
0.1623246492985972	0.1783567134268537	0.5430861723446894	0.11623246492985971
0.15831663326653306	0.4629258517034068	0.2905811623246493	0.08817635270541081
0.4629258517034068	0.022044088176352703	0.17034068136272543	0.344689378757515
0.04408817635270541	0.0	0.9478957915831664	0.008016032064128258
0.004008016032064129	0.0020040080160320644	0.9919839679358717	0.0020040080160320644
0.010020040080160322	0.008016032064128258	0.9779559118236473	0.004008016032064129
0.2625250501002004	0.30861723446893785	0.002004008016032064	0.42685370741482964
0.034068136272545096	0.010020040080160322	0.9438877755511023	0.012024048096192385
0.08617234468937875	0.030060120240480957	0.6092184368737474	0.2745490981963928
0.04208416833667335	0.006012024048096193	0.9438877755511023	0.008016032064128258
0.05811623246492986	0.03807615230460922	0.8537074148296593	0.050100200400801605
0.20240480961923848	0.5951903807615231	0.07815631262525051	0.12424849699398798
URL http://hocomoco.autosome.ru/motif/KLF5_MOUSE.H11MO.0.A