MEME version 4

ALPHABET= ACGT

strands: + -

Background letter frequencies
A 0.25 C 0.25 G 0.25 T 0.25

MOTIF MAF_MOUSE.H11MO.0.A
letter-probability matrix: alength= 4 w= 17 nsites= 488
0.4180327868852459	0.14549180327868855	0.23155737704918034	0.20491803278688525
0.5184426229508197	0.0942622950819672	0.08811475409836066	0.29918032786885246
0.33196721311475413	0.08401639344262296	0.09631147540983608	0.48770491803278687
0.11885245901639344	0.29918032786885246	0.24180327868852455	0.3401639344262295
0.09426229508196722	0.06352459016393443	0.01639344262295082	0.8258196721311476
0.006147540983606558	0.034836065573770496	0.9467213114754098	0.012295081967213115
0.10860655737704918	0.8668032786885246	0.0	0.02459016393442623
0.018442622950819675	0.014344262295081968	0.006147540983606558	0.9610655737704918
0.01639344262295082	0.012295081967213115	0.9077868852459017	0.06352459016393443
0.8688524590163934	0.06762295081967214	0.03688524590163935	0.026639344262295084
0.07991803278688524	0.4918032786885245	0.27049180327868855	0.15778688524590162
0.24999999999999997	0.12090163934426228	0.13319672131147542	0.49590163934426224
0.21311475409836067	0.48565573770491804	0.10655737704918034	0.19467213114754098
0.48360655737704916	0.13524590163934427	0.125	0.25614754098360654
0.1864754098360656	0.04713114754098361	0.5778688524590164	0.18852459016393444
0.09426229508196722	0.5553278688524591	0.22131147540983606	0.1290983606557377
0.40573770491803274	0.23770491803278687	0.08401639344262295	0.2725409836065574
URL http://hocomoco.autosome.ru/motif/MAF_MOUSE.H11MO.0.A