MEME version 4

ALPHABET= ACGT

strands: + -

Background letter frequencies
A 0.25 C 0.25 G 0.25 T 0.25

MOTIF MAFF_MOUSE.H11MO.0.A
letter-probability matrix: alength= 4 w= 22 nsites= 500
0.46	0.136	0.246	0.158
0.5920000000000001	0.034	0.252	0.122
0.636	0.046	0.17600000000000002	0.14200000000000002
0.62	0.082	0.116	0.182
0.35200000000000004	0.22	0.242	0.186
0.122	0.07	0.044000000000000004	0.764
0.03	0.036000000000000004	0.932	0.002
0.132	0.854	0.006000000000000001	0.008
0.034	0.032	0.006000000000000001	0.928
0.01	0.032	0.91	0.048
0.9380000000000001	0.018000000000000002	0.018000000000000002	0.026000000000000002
0.034	0.48799999999999993	0.42799999999999994	0.049999999999999996
0.06999999999999999	0.11199999999999999	0.064	0.7539999999999999
0.14	0.666	0.078	0.116
0.7060000000000001	0.028	0.156	0.11
0.08	0.02	0.8280000000000001	0.07200000000000001
0.018000000000000002	0.846	0.08800000000000001	0.048
0.768	0.06	0.08600000000000001	0.08600000000000001
0.416	0.154	0.27	0.16
0.508	0.098	0.14	0.254
0.46599999999999997	0.078	0.09799999999999999	0.358
0.38199999999999995	0.132	0.134	0.352
URL http://hocomoco.autosome.ru/motif/MAFF_MOUSE.H11MO.0.A