MEME version 4

ALPHABET= ACGT

strands: + -

Background letter frequencies
A 0.25 C 0.25 G 0.25 T 0.25

MOTIF MAFK_MOUSE.H11MO.0.A
letter-probability matrix: alength= 4 w= 20 nsites= 441
0.34920634920634924	0.09297052154195012	0.29705215419501135	0.26077097505668934
0.42857142857142855	0.06122448979591836	0.18367346938775508	0.32653061224489793
0.5555555555555555	0.043083900226757364	0.058956916099773236	0.3424036281179138
0.4172335600907029	0.1201814058956916	0.10430839002267572	0.3582766439909297
0.14739229024943312	0.3832199546485261	0.18594104308390025	0.2834467120181406
0.04761904761904762	0.05442176870748299	0.0022675736961451248	0.8956916099773242
0.0022675736961451248	0.0	0.9977324263038548	0.0
0.0022675736961451248	0.9954648526077098	0.0022675736961451248	0.0
0.022675736961451247	0.018140589569160998	0.0	0.9591836734693877
0.0	0.011337868480725623	0.9682539682539683	0.020408163265306124
0.9523809523809524	0.020408163265306124	0.0	0.027210884353741496
0.011337868480725623	0.3038548752834467	0.6507936507936507	0.03401360544217687
0.034013605442176874	0.049886621315192746	0.011337868480725623	0.9047619047619048
0.08616780045351474	0.8344671201814059	0.015873015873015872	0.06349206349206349
0.8775510204081632	0.0045351473922902496	0.07936507936507937	0.038548752834467126
0.04081632653061224	0.08163265306122448	0.5238095238095237	0.3537414965986394
0.04081632653061225	0.7528344671201814	0.1383219954648526	0.06802721088435375
0.46258503401360546	0.13378684807256236	0.14512471655328799	0.2585034013605442
0.22675736961451246	0.28344671201814053	0.1111111111111111	0.37868480725623577
0.26303854875283444	0.11791383219954647	0.18820861678004533	0.43083900226757366
URL http://hocomoco.autosome.ru/motif/MAFK_MOUSE.H11MO.0.A