MEME version 4

ALPHABET= ACGT

strands: + -

Background letter frequencies
A 0.25 C 0.25 G 0.25 T 0.25

MOTIF MEF2A_MOUSE.H11MO.0.A
letter-probability matrix: alength= 4 w= 14 nsites= 497
0.289738430583501	0.08048289738430583	0.22535211267605632	0.4044265593561368
0.12273641851106638	0.08249496981891348	0.38229376257545267	0.4124748490945674
0.05030181086519115	0.682092555331992	0.05432595573440644	0.21327967806841047
0.01609657947686117	0.07847082494969819	0.008048289738430584	0.89738430583501
0.9074446680080483	0.014084507042253521	0.03420523138832998	0.044265593561368215
0.07645875251509054	0.02012072434607646	0.012072434607645876	0.8913480885311872
0.056338028169014086	0.01609657947686117	0.014084507042253521	0.9134808853118712
0.056338028169014086	0.056338028169014086	0.02012072434607646	0.8672032193158954
0.17505030181086517	0.12474849094567403	0.026156941649899394	0.6740442655935613
0.1488933601609658	0.02816901408450704	0.08450704225352113	0.738430583501006
0.613682092555332	0.012072434607645875	0.35412474849094566	0.02012072434607646
0.13682092555331993	0.05030181086519115	0.6720321931589538	0.14084507042253522
0.31991951710261574	0.4024144869215292	0.11267605633802817	0.16498993963782696
0.3601609657947686	0.2072434607645875	0.10261569416498993	0.3299798792756539
URL http://hocomoco.autosome.ru/motif/MEF2A_MOUSE.H11MO.0.A