MEME version 4

ALPHABET= ACGT

strands: + -

Background letter frequencies
A 0.25 C 0.25 G 0.25 T 0.25

MOTIF MEF2C_MOUSE.H11MO.0.A
letter-probability matrix: alength= 4 w= 15 nsites= 264
0.17424242424242425	0.14015151515151514	0.3446969696969697	0.3409090909090909
0.22348484848484848	0.10606060606060606	0.24621212121212122	0.42424242424242425
0.10984848484848485	0.07575757575757576	0.36742424242424243	0.44696969696969696
0.022727272727272728	0.7689393939393939	0.056818181818181816	0.15151515151515152
0.0	0.05303030303030303	0.011363636363636364	0.9356060606060606
0.9128787878787878	0.003787878787878788	0.015151515151515152	0.06818181818181818
0.13257575757575757	0.01893939393939394	0.007575757575757576	0.8409090909090909
0.10606060606060606	0.041666666666666664	0.0	0.8522727272727273
0.030303030303030304	0.045454545454545456	0.003787878787878788	0.9204545454545454
0.16287878787878787	0.06818181818181818	0.026515151515151516	0.7424242424242424
0.10984848484848485	0.05303030303030303	0.08333333333333333	0.7537878787878788
0.5795454545454546	0.0	0.4053030303030303	0.015151515151515152
0.1553030303030303	0.022727272727272728	0.6515151515151515	0.17045454545454544
0.30303030303030304	0.44696969696969696	0.12121212121212122	0.12878787878787878
0.32954545454545453	0.25	0.07196969696969698	0.3484848484848485
URL http://hocomoco.autosome.ru/motif/MEF2C_MOUSE.H11MO.0.A