MEME version 4

ALPHABET= ACGT

strands: + -

Background letter frequencies
A 0.25 C 0.25 G 0.25 T 0.25

MOTIF NANOG_MOUSE.H11MO.0.A
letter-probability matrix: alength= 4 w= 17 nsites= 500
0.102	0.236	0.24999999999999997	0.412
0.042	0.534	0.17600000000000002	0.248
0.066	0.53	0.029999999999999995	0.374
0.39399999999999996	0.018	0.018	0.57
0.012	0.02	0.028	0.9400000000000001
0.038000000000000006	0.008	0.038000000000000006	0.916
0.052	0.264	0.604	0.08
0.22799999999999998	0.046	0.038	0.688
0.16999999999999998	0.26	0.206	0.364
0.622	0.05	0.082	0.246
0.04	0.022000000000000002	0.044000000000000004	0.894
0.022	0.026	0.6499999999999999	0.302
0.046	0.542	0.12199999999999998	0.29
0.544	0.06199999999999999	0.034	0.36
0.664	0.05	0.184	0.10200000000000001
0.812	0.024	0.052000000000000005	0.112
0.19599999999999998	0.086	0.154	0.564
URL http://hocomoco.autosome.ru/motif/NANOG_MOUSE.H11MO.0.A