MEME version 4

ALPHABET= ACGT

strands: + -

Background letter frequencies
A 0.25 C 0.25 G 0.25 T 0.25

MOTIF NF2L2_MOUSE.H11MO.0.A
letter-probability matrix: alength= 4 w= 14 nsites= 478
0.5585774058577405	0.09623430962343095	0.30962343096234307	0.03556485355648535
0.05230125523012553	0.008368200836820085	0.01673640167364017	0.9225941422594143
0.0502092050209205	0.03138075313807531	0.8640167364016736	0.05439330543933055
0.9037656903765691	0.029288702928870293	0.03347280334728034	0.03347280334728034
0.0794979079497908	0.6841004184100419	0.16527196652719667	0.07112970711297072
0.1694560669456067	0.06276150627615062	0.03765690376569038	0.7301255230125523
0.14644351464435149	0.5878661087866109	0.13179916317991633	0.13389121338912136
0.7008368200836821	0.01673640167364017	0.1569037656903766	0.12552301255230125
0.0794979079497908	0.06485355648535565	0.8263598326359833	0.029288702928870293
0.05230125523012553	0.8410041841004184	0.07112970711297072	0.03556485355648536
0.7866108786610879	0.07322175732217574	0.041841004184100423	0.09832635983263599
0.33682008368200833	0.14435146443514643	0.33263598326359833	0.18619246861924685
0.33472803347280333	0.11297071129707112	0.17573221757322174	0.37656903765690375
0.3598326359832636	0.1527196652719665	0.11087866108786609	0.37656903765690375
URL http://hocomoco.autosome.ru/motif/NF2L2_MOUSE.H11MO.0.A