MEME version 4

ALPHABET= ACGT

strands: + -

Background letter frequencies
A 0.25 C 0.25 G 0.25 T 0.25

MOTIF NFAC1_MOUSE.H11MO.0.A
letter-probability matrix: alength= 4 w= 15 nsites= 445
0.19999999999999998	0.04044943820224719	0.07191011235955055	0.6876404494382022
0.006741573033707866	0.0022471910112359553	0.9910112359550561	0.0
0.0022471910112359553	0.0044943820224719105	0.9910112359550561	0.0022471910112359553
0.9707865168539326	0.008988764044943821	0.017977528089887642	0.0022471910112359553
0.9483146067415731	0.0	0.038202247191011236	0.01348314606741573
0.8292134831460675	0.05168539325842697	0.07191011235955057	0.04719101123595506
0.5640449438202247	0.18426966292134833	0.18426966292134833	0.06741573033707865
0.37528089887640453	0.07191011235955057	0.10561797752808989	0.44719101123595506
0.350561797752809	0.2539325842696629	0.26741573033707866	0.12808988764044943
0.07865168539325844	0.05168539325842697	0.03146067415730337	0.8382022471910112
0.07865168539325844	0.07415730337078652	0.6764044943820225	0.1707865168539326
0.752808988764045	0.058426966292134834	0.08089887640449439	0.10786516853932585
0.1438202247191011	0.32808988764044944	0.447191011235955	0.08089887640449438
0.11235955056179774	0.11235955056179774	0.08539325842696628	0.6898876404494382
0.18202247191011237	0.6089887640449438	0.11910112359550562	0.08988764044943821
URL http://hocomoco.autosome.ru/motif/NFAC1_MOUSE.H11MO.0.A