MEME version 4

ALPHABET= ACGT

strands: + -

Background letter frequencies
A 0.25 C 0.25 G 0.25 T 0.25

MOTIF NKX61_MOUSE.H11MO.0.A
letter-probability matrix: alength= 4 w= 19 nsites= 498
0.6144578313253013	0.13253012048192772	0.12449799196787148	0.12851405622489961
0.1827309236947791	0.23895582329317266	0.1606425702811245	0.41767068273092367
0.27309236947791166	0.06024096385542168	0.07228915662650602	0.5943775100401606
0.5763052208835342	0.0783132530120482	0.21084337349397592	0.13453815261044177
0.9337349397590361	0.012048192771084338	0.028112449799196786	0.026104417670682733
0.05421686746987952	0.024096385542168676	0.12048192771084337	0.8012048192771084
0.058232931726907626	0.07630522088353413	0.502008032128514	0.36345381526104414
0.22489959839357426	0.06224899598393573	0.4337349397590361	0.2791164658634538
0.1606425702811245	0.2991967871485944	0.4016064257028112	0.13855421686746988
0.34538152610441764	0.26506024096385544	0.12048192771084336	0.26907630522088355
0.41365461847389556	0.05220883534136546	0.06827309236947791	0.465863453815261
0.29518072289156627	0.05220883534136546	0.07028112449799197	0.5823293172690763
0.22690763052208834	0.0502008032128514	0.040160642570281124	0.6827309236947791
0.10240963855421686	0.08433734939759037	0.042168674698795185	0.7710843373493976
0.6024096385542169	0.13253012048192772	0.22690763052208834	0.03815261044176707
0.9558232931726908	0.01807228915662651	0.010040160642570281	0.016064257028112452
0.11646586345381525	0.018072289156626505	0.08835341365461846	0.7771084337349397
0.18674698795180722	0.028112449799196783	0.36746987951807225	0.41767068273092367
0.43172690763052207	0.08835341365461846	0.37148594377510036	0.10843373493975902
URL http://hocomoco.autosome.ru/motif/NKX61_MOUSE.H11MO.0.A