MEME version 4

ALPHABET= ACGT

strands: + -

Background letter frequencies
A 0.25 C 0.25 G 0.25 T 0.25

MOTIF NR1D2_MOUSE.H11MO.0.A
letter-probability matrix: alength= 4 w= 19 nsites= 500
0.32999999999999996	0.136	0.366	0.16799999999999998
0.374	0.148	0.38799999999999996	0.09
0.35800000000000004	0.07200000000000001	0.506	0.064
0.334	0.05	0.394	0.222
0.5860000000000001	0.202	0.158	0.054
0.544	0.036	0.142	0.27799999999999997
0.13799999999999998	0.24199999999999997	0.522	0.09799999999999999
0.08199999999999999	0.02	0.15	0.748
0.38399999999999995	0.022	0.574	0.02
0.39999999999999997	0.002	0.5619999999999999	0.036
0.026000000000000002	0.058	0.904	0.012
0.018	0.064	0.16	0.7579999999999999
0.032	0.888	0.066	0.014
0.952	0.006000000000000001	0.006000000000000001	0.036000000000000004
0.13999999999999999	0.29	0.43599999999999994	0.134
0.38599999999999995	0.11999999999999998	0.21399999999999997	0.27999999999999997
0.27	0.13799999999999998	0.4779999999999999	0.11399999999999999
0.272	0.106	0.456	0.166
0.286	0.158	0.38399999999999995	0.172
URL http://hocomoco.autosome.ru/motif/NR1D2_MOUSE.H11MO.0.A