MEME version 4

ALPHABET= ACGT

strands: + -

Background letter frequencies
A 0.25 C 0.25 G 0.25 T 0.25

MOTIF NR1H3_MOUSE.H11MO.0.A
letter-probability matrix: alength= 4 w= 15 nsites= 500
0.19199999999999998	0.312	0.40199999999999997	0.09399999999999999
0.49999999999999994	0.044	0.178	0.27799999999999997
0.14	0.056	0.672	0.132
0.22399999999999998	0.05999999999999999	0.524	0.19199999999999998
0.12599999999999997	0.282	0.282	0.31
0.098	0.774	0.052000000000000005	0.07600000000000001
0.784	0.134	0.018000000000000002	0.064
0.5059999999999999	0.09999999999999999	0.348	0.046
0.812	0.006000000000000001	0.168	0.014
0.012	0.008	0.954	0.026000000000000002
0.064	0.023999999999999997	0.57	0.34199999999999997
0.029999999999999995	0.268	0.16399999999999998	0.538
0.028	0.85	0.04	0.082
0.856	0.018000000000000002	0.018000000000000002	0.108
0.14800000000000002	0.23600000000000002	0.41200000000000003	0.20400000000000001
URL http://hocomoco.autosome.ru/motif/NR1H3_MOUSE.H11MO.0.A