MEME version 4

ALPHABET= ACGT

strands: + -

Background letter frequencies
A 0.25 C 0.25 G 0.25 T 0.25

MOTIF P53_MOUSE.H11MO.0.A
letter-probability matrix: alength= 4 w= 20 nsites= 498
0.34136546184738953	0.06024096385542168	0.570281124497992	0.028112449799196783
0.23493975903614456	0.02610441767068273	0.680722891566265	0.058232931726907626
0.6726907630522088	0.006024096385542169	0.3012048192771084	0.020080321285140562
0.052208835341365466	0.9317269076305221	0.010040160642570281	0.00602409638554217
0.9317269076305221	0.004016064257028113	0.02208835341365462	0.042168674698795185
0.24497991967871482	0.024096385542168672	0.03012048192771084	0.7008032128514056
0.01807228915662651	0.016064257028112452	0.9538152610441767	0.012048192771084338
0.022088353413654616	0.6606425702811245	0.012048192771084336	0.3052208835341365
0.10642570281124498	0.783132530120482	0.02208835341365462	0.08835341365461848
0.08232931726907632	0.6847389558232932	0.06626506024096386	0.16666666666666669
0.4899598393574297	0.01807228915662651	0.45180722891566266	0.040160642570281124
0.07630522088353414	0.08032128514056225	0.8232931726907631	0.020080321285140562
0.2550200803212851	0.014056224899598391	0.6526104417670683	0.0783132530120482
0.014056224899598393	0.9216867469879518	0.05421686746987952	0.010040160642570281
0.7751004016064257	0.06626506024096386	0.020080321285140562	0.13855421686746988
0.3052208835341365	0.03413654618473896	0.2791164658634538	0.38152610441767065
0.09036144578313253	0.07630522088353414	0.7971887550200804	0.03614457831325302
0.12650602409638553	0.5020080321285141	0.11646586345381527	0.25502008032128515
0.17670682730923695	0.6184738955823293	0.08232931726907632	0.12248995983935743
0.16867469879518074	0.5642570281124498	0.10240963855421686	0.16465863453815263
URL http://hocomoco.autosome.ru/motif/P53_MOUSE.H11MO.0.A