MEME version 4

ALPHABET= ACGT

strands: + -

Background letter frequencies
A 0.25 C 0.25 G 0.25 T 0.25

MOTIF PAX5_MOUSE.H11MO.0.A
letter-probability matrix: alength= 4 w= 19 nsites= 500
0.284	0.24199999999999997	0.40199999999999997	0.072
0.312	0.10799999999999998	0.308	0.272
0.346	0.046	0.586	0.022
0.3	0.20199999999999999	0.35	0.148
0.004	0.22799999999999998	0.48599999999999993	0.282
0.078	0.76	0.028	0.134
0.752	0.08	0.128	0.04
0.16399999999999998	0.212	0.536	0.088
0.023999999999999997	0.538	0.132	0.306
0.172	0.4799999999999999	0.31	0.038
0.58	0.036	0.366	0.018
0.524	0.052000000000000005	0.228	0.196
0.004	0.27599999999999997	0.712	0.008
0.014	0.8180000000000001	0.032	0.136
0.274	0.034	0.6659999999999999	0.026
0.12399999999999999	0.072	0.22999999999999998	0.574
0.24599999999999997	0.026	0.702	0.026
0.664	0.032	0.218	0.08600000000000001
0.222	0.678	0.06	0.04
URL http://hocomoco.autosome.ru/motif/PAX5_MOUSE.H11MO.0.A