MEME version 4

ALPHABET= ACGT

strands: + -

Background letter frequencies
A 0.25 C 0.25 G 0.25 T 0.25

MOTIF PO3F1_MOUSE.H11MO.0.C
letter-probability matrix: alength= 4 w= 16 nsites= 500
0.11	0.46	0.224	0.20600000000000002
0.156	0.104	0.12599999999999997	0.614
0.134	0.5820000000000001	0.108	0.17600000000000002
0.872	0.048	0.044000000000000004	0.036000000000000004
0.008	0.006000000000000001	0.026000000000000002	0.96
0.04	0.038000000000000006	0.76	0.162
0.482	0.402	0.07200000000000001	0.044000000000000004
0.846	0.054	0.054	0.046
0.282	0.088	0.052	0.578
0.9380000000000001	0.022000000000000002	0.012	0.028
0.268	0.02	0.04	0.6719999999999999
0.086	0.026	0.33399999999999996	0.5539999999999999
0.10999999999999999	0.46799999999999997	0.144	0.27799999999999997
0.636	0.234	0.06	0.07
0.45799999999999996	0.04	0.13799999999999998	0.364
0.266	0.108	0.378	0.248
URL http://hocomoco.autosome.ru/motif/PO3F1_MOUSE.H11MO.0.C