MEME version 4

ALPHABET= ACGT

strands: + -

Background letter frequencies
A 0.25 C 0.25 G 0.25 T 0.25

MOTIF PO3F2_MOUSE.H11MO.0.A
letter-probability matrix: alength= 4 w= 16 nsites= 497
0.1529175050301811	0.45070422535211263	0.0744466800804829	0.32193158953722334
0.38832997987927564	0.09859154929577464	0.08249496981891348	0.43058350100603615
0.09255533199195172	0.7545271629778673	0.026156941649899398	0.1267605633802817
0.9436619718309859	0.03420523138832998	0.01006036217303823	0.012072434607645876
0.028169014084507043	0.012072434607645876	0.01006036217303823	0.9496981891348089
0.16700201207243462	0.022132796780684107	0.7927565392354124	0.018108651911468814
0.42253521126760557	0.5311871227364185	0.008048289738430584	0.03822937625754527
0.959758551307847	0.024144869215291753	0.002012072434607646	0.014084507042253521
0.05432595573440644	0.026156941649899398	0.02012072434607646	0.8993963782696177
0.8853118712273642	0.02012072434607646	0.002012072434607646	0.09255533199195172
0.1750503018108652	0.03621730382293763	0.028169014084507043	0.7605633802816901
0.13682092555331993	0.01408450704225352	0.43058350100603615	0.4185110663983903
0.060362173038229376	0.6237424547283703	0.09456740442655936	0.22132796780684105
0.8108651911468813	0.12877263581488935	0.024144869215291753	0.03621730382293763
0.27565392354124746	0.06036217303822937	0.06438631790744467	0.5995975855130784
0.4869215291750503	0.09657947686116701	0.18511066398390344	0.23138832997987926
URL http://hocomoco.autosome.ru/motif/PO3F2_MOUSE.H11MO.0.A