MEME version 4

ALPHABET= ACGT

strands: + -

Background letter frequencies
A 0.25 C 0.25 G 0.25 T 0.25

MOTIF PO5F1_MOUSE.H11MO.0.A
letter-probability matrix: alength= 4 w= 16 nsites= 499
0.05410821643286573	0.49298597194388777	0.23046092184368738	0.22244488977955912
0.060120240480961915	0.5190380761523046	0.04609218436873747	0.374749498997996
0.5270541082164328	0.018036072144288578	0.01603206412825651	0.438877755511022
0.012024048096192385	0.020040080160320644	0.014028056112224449	0.9539078156312625
0.04809619238476954	0.006012024048096193	0.05811623246492986	0.8877755511022044
0.09819639278557113	0.2284569138276553	0.6032064128256512	0.07014028056112225
0.32665330661322645	0.01603206412825651	0.014028056112224447	0.6432865731462926
0.22645290581162322	0.22044088176352702	0.14228456913827656	0.4108216432865731
0.8637274549098196	0.010020040080160322	0.028056112224448898	0.09819639278557114
0.0020040080160320644	0.004008016032064129	0.0020040080160320644	0.9919839679358717
0.006012024048096193	0.0	0.9218436873747495	0.07214428857715431
0.020040080160320644	0.7254509018036073	0.07014028056112225	0.18436873747494992
0.6713426853707415	0.018036072144288578	0.018036072144288578	0.2925851703406814
0.6973947895791583	0.04008016032064129	0.16232464929859722	0.10020040080160321
0.905811623246493	0.018036072144288578	0.04208416833667335	0.034068136272545096
0.1903807615230461	0.07615230460921843	0.13827655310621242	0.595190380761523
URL http://hocomoco.autosome.ru/motif/PO5F1_MOUSE.H11MO.0.A