MEME version 4

ALPHABET= ACGT

strands: + -

Background letter frequencies
A 0.25 C 0.25 G 0.25 T 0.25

MOTIF PPARG_MOUSE.H11MO.0.A
letter-probability matrix: alength= 4 w= 17 nsites= 500
0.546	0.168	0.122	0.164
0.54	0.018	0.10799999999999998	0.33399999999999996
0.11800000000000001	0.35200000000000004	0.372	0.158
0.118	0.118	0.11599999999999999	0.648
0.39799999999999996	0.027999999999999997	0.528	0.046
0.1	0.002	0.752	0.14600000000000002
0.166	0.022000000000000002	0.782	0.03
0.106	0.186	0.416	0.292
0.108	0.5760000000000001	0.246	0.07
0.9	0.036000000000000004	0.044000000000000004	0.02
0.7000000000000001	0.032	0.252	0.016
0.792	0.004	0.198	0.006000000000000001
0.096	0.0	0.878	0.026000000000000002
0.07400000000000001	0.006000000000000001	0.784	0.136
0.034	0.12199999999999998	0.348	0.49599999999999994
0.158	0.518	0.154	0.17
0.686	0.068	0.156	0.09000000000000001
URL http://hocomoco.autosome.ru/motif/PPARG_MOUSE.H11MO.0.A