MEME version 4

ALPHABET= ACGT

strands: + -

Background letter frequencies
A 0.25 C 0.25 G 0.25 T 0.25

MOTIF PPARA_MOUSE.H11MO.0.A
letter-probability matrix: alength= 4 w= 17 nsites= 500
0.538	0.218	0.114	0.13
0.572	0.049999999999999996	0.09999999999999999	0.27799999999999997
0.11399999999999999	0.39799999999999996	0.372	0.11599999999999999
0.13	0.10799999999999998	0.09999999999999999	0.6619999999999999
0.47200000000000003	0.016	0.458	0.054
0.10400000000000001	0.01	0.782	0.10400000000000001
0.092	0.02	0.852	0.036000000000000004
0.078	0.16	0.356	0.40599999999999997
0.10799999999999998	0.48799999999999993	0.302	0.102
0.912	0.02	0.054	0.014
0.646	0.044	0.26	0.049999999999999996
0.84	0.002	0.132	0.026000000000000002
0.078	0.006000000000000001	0.904	0.012
0.062	0.01	0.804	0.124
0.038	0.08399999999999999	0.23399999999999999	0.644
0.08800000000000001	0.522	0.228	0.162
0.734	0.078	0.106	0.082
URL http://hocomoco.autosome.ru/motif/PPARA_MOUSE.H11MO.0.A