MEME version 4

ALPHABET= ACGT

strands: + -

Background letter frequencies
A 0.25 C 0.25 G 0.25 T 0.25

MOTIF PRD14_MOUSE.H11MO.0.A
letter-probability matrix: alength= 4 w= 16 nsites= 500
0.38799999999999996	0.174	0.27599999999999997	0.162
0.326	0.08600000000000001	0.418	0.17
0.294	0.034	0.38999999999999996	0.282
0.086	0.16599999999999998	0.7	0.047999999999999994
0.134	0.049999999999999996	0.22599999999999998	0.59
0.05	0.024	0.058	0.868
0.964	0.002	0.02	0.014
0.078	0.056	0.866	0.0
0.7220000000000001	0.014	0.212	0.052000000000000005
0.084	0.022000000000000002	0.858	0.036000000000000004
0.54	0.33199999999999996	0.052	0.076
0.22	0.682	0.034	0.064
0.036000000000000004	0.798	0.08	0.08600000000000001
0.102	0.40599999999999997	0.057999999999999996	0.43399999999999994
0.20199999999999999	0.11399999999999999	0.264	0.42
0.16	0.20600000000000002	0.46	0.17400000000000002
URL http://hocomoco.autosome.ru/motif/PRD14_MOUSE.H11MO.0.A