MEME version 4

ALPHABET= ACGT

strands: + -

Background letter frequencies
A 0.25 C 0.25 G 0.25 T 0.25

MOTIF PRDM5_MOUSE.H11MO.0.A
letter-probability matrix: alength= 4 w= 15 nsites= 500
0.23799999999999996	0.37599999999999995	0.306	0.08
0.39	0.452	0.11	0.048
0.20199999999999999	0.06999999999999999	0.23799999999999996	0.48999999999999994
0.0	0.0	0.998	0.002
0.004	0.0	0.988	0.008
0.752	0.014	0.062	0.17200000000000001
0.018000000000000002	0.07200000000000001	0.89	0.02
0.496	0.21	0.214	0.08
0.266	0.106	0.324	0.304
0.126	0.624	0.14600000000000002	0.10400000000000001
0.44	0.34	0.17200000000000001	0.048
0.374	0.026000000000000002	0.41400000000000003	0.186
0.006000000000000001	0.006000000000000001	0.984	0.004
0.014	0.054	0.766	0.166
0.312	0.20199999999999999	0.068	0.418
URL http://hocomoco.autosome.ru/motif/PRDM5_MOUSE.H11MO.0.A