MEME version 4

ALPHABET= ACGT

strands: + -

Background letter frequencies
A 0.25 C 0.25 G 0.25 T 0.25

MOTIF PRDM9_MOUSE.H11MO.0.C
letter-probability matrix: alength= 4 w= 19 nsites= 490
0.5122448979591837	0.20612244897959184	0.11428571428571428	0.1673469387755102
0.6183673469387756	0.0979591836734694	0.2	0.0836734693877551
0.27959183673469384	0.14693877551020407	0.34897959183673466	0.22448979591836732
0.5183673469387755	0.0673469387755102	0.24693877551020407	0.1673469387755102
0.27755102040816326	0.06326530612244897	0.27959183673469384	0.3795918367346938
0.10612244897959183	0.006122448979591838	0.8183673469387756	0.06938775510204083
0.21224489795918366	0.014285714285714285	0.7510204081632653	0.022448979591836737
0.03061224489795918	0.5510204081632653	0.004081632653061225	0.41428571428571426
0.8653061224489796	0.0	0.12244897959183673	0.012244897959183675
0.07959183673469389	0.0020408163265306124	0.9102040816326531	0.00816326530612245
0.022448979591836733	0.4959183673469387	0.0163265306122449	0.46530612244897956
0.9102040816326531	0.012244897959183675	0.0673469387755102	0.010204081632653062
0.18571428571428572	0.23877551020408164	0.4897959183673469	0.08571428571428572
0.006122448979591838	0.9918367346938776	0.0	0.0020408163265306124
0.6122448979591837	0.05918367346938775	0.004081632653061225	0.32448979591836735
0.057142857142857134	0.32653061224489793	0.24897959183673465	0.36734693877551017
0.04081632653061225	0.8775510204081632	0.030612244897959183	0.05102040816326531
0.26326530612244897	0.12040816326530611	0.044897959183673466	0.5714285714285714
0.09387755102040815	0.24897959183673465	0.3877551020408163	0.2693877551020408
URL http://hocomoco.autosome.ru/motif/PRDM9_MOUSE.H11MO.0.C