MEME version 4

ALPHABET= ACGT

strands: + -

Background letter frequencies
A 0.25 C 0.25 G 0.25 T 0.25

MOTIF PRGR_MOUSE.H11MO.0.A
letter-probability matrix: alength= 4 w= 15 nsites= 500
0.464	0.01	0.458	0.068
0.114	0.012	0.8280000000000001	0.046
0.452	0.158	0.20600000000000002	0.184
0.926	0.018000000000000002	0.038000000000000006	0.018000000000000002
0.002	0.958	0.032	0.008
0.794	0.014	0.084	0.108
0.25	0.17600000000000002	0.406	0.168
0.638	0.0	0.362	0.0
0.40399999999999997	0.262	0.258	0.076
0.178	0.12199999999999998	0.029999999999999995	0.6699999999999999
0.034	0.022000000000000002	0.9440000000000001	0.0
0.05	0.026000000000000002	0.022000000000000002	0.902
0.19799999999999998	0.22199999999999998	0.158	0.422
0.036000000000000004	0.842	0.016	0.106
0.098	0.382	0.03	0.49
URL http://hocomoco.autosome.ru/motif/PRGR_MOUSE.H11MO.0.A