MEME version 4

ALPHABET= ACGT

strands: + -

Background letter frequencies
A 0.25 C 0.25 G 0.25 T 0.25

MOTIF RARA_MOUSE.H11MO.0.A
letter-probability matrix: alength= 4 w= 20 nsites= 445
0.24719101123595508	0.04943820224719101	0.5573033707865169	0.1460674157303371
0.13258426966292133	0.11235955056179774	0.7056179775280899	0.049438202247191004
0.30112359550561796	0.07640449438202247	0.49887640449438203	0.12359550561797751
0.0696629213483146	0.1393258426966292	0.11235955056179775	0.6786516853932584
0.0651685393258427	0.6808988764044944	0.11910112359550563	0.1348314606741573
0.6247191011235955	0.1303370786516854	0.14831460674157304	0.09662921348314608
0.3258426966292135	0.08539325842696628	0.44719101123595506	0.14157303370786517
0.49887640449438203	0.03370786516853932	0.4561797752808988	0.011235955056179775
0.8471910112359551	0.0022471910112359553	0.14382022471910114	0.006741573033707866
0.02471910112359551	0.026966292134831465	0.9370786516853933	0.011235955056179777
0.02696629213483146	0.006741573033707866	0.2674157303370786	0.698876404494382
0.0022471910112359557	0.022471910112359553	0.02471910112359551	0.950561797752809
0.013483146067415732	0.950561797752809	0.022471910112359553	0.013483146067415732
0.9775280898876404	0.006741573033707867	0.013483146067415732	0.0022471910112359557
0.8426966292134832	0.029213483146067417	0.11011235955056181	0.017977528089887642
0.06966292134831462	0.015730337078651686	0.8764044943820225	0.03820224719101124
0.05393258426966293	0.04494382022471911	0.8651685393258427	0.03595505617977529
0.10337078651685395	0.09662921348314608	0.09662921348314608	0.7033707865168539
0.042696629213483155	0.7887640449438202	0.08988764044943821	0.07865168539325844
0.7887640449438202	0.03595505617977529	0.08988764044943821	0.08539325842696631
URL http://hocomoco.autosome.ru/motif/RARA_MOUSE.H11MO.0.A