MEME version 4

ALPHABET= ACGT

strands: + -

Background letter frequencies
A 0.25 C 0.25 G 0.25 T 0.25

MOTIF REST_MOUSE.H11MO.0.A
letter-probability matrix: alength= 4 w= 22 nsites= 378
0.1455026455026455	0.10317460317460318	0.2751322751322751	0.4761904761904762
0.029100529100529095	0.19576719576719576	0.0873015873015873	0.6878306878306878
0.052910052910052914	0.8333333333333334	0.026455026455026457	0.08730158730158731
0.8756613756613757	0.018518518518518517	0.09523809523809525	0.010582010582010583
0.018518518518518517	0.06878306878306878	0.8915343915343915	0.021164021164021166
0.05555555555555556	0.6164021164021164	0.19576719576719578	0.13227513227513227
0.9841269841269842	0.002645502645502646	0.010582010582010583	0.002645502645502646
0.0	0.9920634920634921	0.002645502645502646	0.005291005291005292
0.002645502645502646	0.9417989417989419	0.013227513227513229	0.04232804232804233
0.5793650793650793	0.09523809523809525	0.15079365079365079	0.17460317460317462
0.15343915343915343	0.28835978835978837	0.04232804232804233	0.5158730158730158
0.005291005291005292	0.0	0.9947089947089948	0.0
0.002645502645502646	0.0	0.9973544973544973	0.0
0.9444444444444444	0.03968253968253968	0.005291005291005292	0.010582010582010583
0.002645502645502646	0.8835978835978836	0.09788359788359789	0.015873015873015872
0.9894179894179894	0.002645502645502646	0.005291005291005292	0.002645502645502646
0.013227513227513229	0.0	0.9867724867724867	0.0
0.1216931216931217	0.7328042328042328	0.06878306878306878	0.07671957671957672
0.208994708994709	0.018518518518518517	0.47089947089947093	0.30158730158730157
0.16137566137566137	0.6137566137566137	0.16931216931216933	0.05555555555555556
0.10582010582010583	0.7777777777777778	0.031746031746031744	0.08465608465608467
0.29365079365079366	0.4391534391534392	0.09523809523809525	0.17195767195767198
URL http://hocomoco.autosome.ru/motif/REST_MOUSE.H11MO.0.A