MEME version 4

ALPHABET= ACGT

strands: + -

Background letter frequencies
A 0.25 C 0.25 G 0.25 T 0.25

MOTIF RFX2_MOUSE.H11MO.0.A
letter-probability matrix: alength= 4 w= 22 nsites= 132
0.12878787878787878	0.3333333333333333	0.4772727272727273	0.06060606060606061
0.09090909090909091	0.25757575757575757	0.5303030303030303	0.12121212121212122
0.045454545454545456	0.5757575757575758	0.3181818181818182	0.06060606060606061
0.17424242424242425	0.18181818181818182	0.32575757575757575	0.3181818181818182
0.07575757575757576	0.007575757575757576	0.8939393939393939	0.022727272727272728
0.007575757575757576	0.05303030303030303	0.0	0.9393939393939394
0.06060606060606061	0.19696969696969696	0.022727272727272728	0.7196969696969697
0.10606060606060606	0.03787878787878788	0.7575757575757576	0.09848484848484848
0.03787878787878788	0.7727272727272727	0.030303030303030304	0.1590909090909091
0.022727272727272728	0.7348484848484849	0.03787878787878788	0.20454545454545456
0.7196969696969697	0.022727272727272728	0.12878787878787878	0.12878787878787878
0.09848484848484848	0.045454545454545456	0.22727272727272727	0.6287878787878788
0.11363636363636363	0.015151515151515152	0.8636363636363636	0.007575757575757576
0.11363636363636363	0.05303030303030303	0.8257575757575758	0.007575757575757576
0.3106060606060606	0.4015151515151515	0.15151515151515152	0.13636363636363635
0.5454545454545454	0.022727272727272728	0.3333333333333333	0.09848484848484848
0.7272727272727273	0.14393939393939395	0.09848484848484848	0.030303030303030304
0.06060606060606061	0.696969696969697	0.07575757575757576	0.16666666666666666
0.1590909090909091	0.3333333333333333	0.4696969696969697	0.03787878787878788
0.3712121212121212	0.09848484848484848	0.4166666666666667	0.11363636363636363
0.17424242424242425	0.16666666666666666	0.5378787878787878	0.12121212121212122
0.3409090909090909	0.15151515151515152	0.25757575757575757	0.25
URL http://hocomoco.autosome.ru/motif/RFX2_MOUSE.H11MO.0.A