MEME version 4

ALPHABET= ACGT

strands: + -

Background letter frequencies
A 0.25 C 0.25 G 0.25 T 0.25

MOTIF RXRA_MOUSE.H11MO.0.A
letter-probability matrix: alength= 4 w= 21 nsites= 499
0.3967935871743487	0.07615230460921844	0.3847695390781563	0.14228456913827656
0.24048096192384769	0.11022044088176353	0.44889779559118237	0.20040080160320642
0.20240480961923846	0.156312625250501	0.533066132264529	0.10821643286573145
0.3106212424849699	0.13627254509018036	0.3807615230460922	0.1723446893787575
0.13026052104208416	0.2064128256513026	0.22444889779559116	0.438877755511022
0.17835671342685372	0.42284569138276556	0.23446893787575152	0.16432865731462926
0.41883767535070143	0.19238476953907815	0.24849699398797595	0.1402805611222445
0.30861723446893785	0.14228456913827656	0.35871743486973945	0.1903807615230461
0.39478957915831664	0.08817635270541083	0.49498997995991983	0.022044088176352707
0.8216432865731463	0.022044088176352707	0.1462925851703407	0.010020040080160322
0.056112224448897796	0.008016032064128258	0.905811623246493	0.03006012024048096
0.018036072144288578	0.04809619238476954	0.39078156312625245	0.5430861723446894
0.03006012024048096	0.05811623246492986	0.05410821643286573	0.8577154308617234
0.010020040080160322	0.9118236472945892	0.06813627254509019	0.010020040080160322
0.9098196392785571	0.02404809619238477	0.03807615230460922	0.028056112224448898
0.7735470941883767	0.050100200400801605	0.12625250501002003	0.050100200400801605
0.10621242484969941	0.022044088176352707	0.8356713426853708	0.036072144288577156
0.06012024048096192	0.028056112224448898	0.8577154308617234	0.05410821643286573
0.08016032064128256	0.26452905811623245	0.13026052104208416	0.5250501002004008
0.034068136272545096	0.7414829659318638	0.10220440881763528	0.12224448897795591
0.7014028056112225	0.05811623246492986	0.12825651302605212	0.11222444889779559
URL http://hocomoco.autosome.ru/motif/RXRA_MOUSE.H11MO.0.A