MEME version 4

ALPHABET= ACGT

strands: + -

Background letter frequencies
A 0.25 C 0.25 G 0.25 T 0.25

MOTIF RXRG_MOUSE.H11MO.0.B
letter-probability matrix: alength= 4 w= 22 nsites= 281
0.2313167259786477	0.1387900355871886	0.5302491103202847	0.099644128113879
0.47330960854092524	0.0711743772241993	0.3096085409252669	0.14590747330960854
0.22419928825622776	0.11387900355871886	0.4697508896797153	0.19217081850533807
0.18861209964412812	0.1494661921708185	0.5444839857651246	0.11743772241992882
0.3665480427046263	0.11743772241992882	0.38434163701067614	0.13167259786476868
0.13523131672597866	0.14590747330960854	0.17793594306049823	0.5409252669039146
0.08896797153024912	0.5373665480427047	0.23843416370106763	0.13523131672597866
0.5195729537366548	0.16725978647686832	0.19572953736654805	0.11743772241992882
0.27402135231316727	0.13523131672597866	0.4306049822064057	0.1601423487544484
0.4128113879003559	0.06405693950177936	0.501779359430605	0.021352313167259787
0.8434163701067615	0.0	0.1387900355871886	0.017793594306049824
0.017793594306049824	0.0	0.9786476868327402	0.0035587188612099642
0.017793594306049824	0.014234875444839857	0.3807829181494662	0.5871886120996441
0.010676156583629894	0.0498220640569395	0.021352313167259787	0.9181494661921709
0.017793594306049824	0.9608540925266904	0.014234875444839857	0.0071174377224199285
0.9715302491103203	0.0	0.021352313167259787	0.0071174377224199285
0.8113879003558719	0.014234875444839857	0.13523131672597866	0.03914590747330961
0.06761565836298933	0.014234875444839857	0.9145907473309609	0.0035587188612099642
0.046263345195729534	0.02491103202846975	0.9074733096085409	0.021352313167259787
0.08896797153024912	0.21352313167259787	0.1103202846975089	0.5871886120996441
0.028469750889679714	0.7651245551601423	0.07829181494661921	0.12811387900355872
0.7900355871886121	0.03914590747330961	0.08185053380782918	0.08896797153024912
URL http://hocomoco.autosome.ru/motif/RXRG_MOUSE.H11MO.0.B