MEME version 4

ALPHABET= ACGT

strands: + -

Background letter frequencies
A 0.25 C 0.25 G 0.25 T 0.25

MOTIF SIX4_MOUSE.H11MO.0.C
letter-probability matrix: alength= 4 w= 14 nsites= 487
0.3408624229979466	0.04106776180698152	0.1601642710472279	0.4579055441478439
0.03285420944558522	0.026694045174537988	0.9117043121149897	0.028747433264887063
0.4825462012320328	0.06776180698151951	0.18480492813141683	0.2648870636550308
0.7145790554414785	0.15811088295687886	0.08418891170431211	0.043121149897330596
0.8418891170431212	0.010266940451745381	0.10882956878850103	0.039014373716632446
0.057494866529774126	0.48459958932238195	0.2238193018480493	0.23408624229979466
0.2299794661190965	0.5154004106776181	0.06365503080082136	0.19096509240246407
0.19712525667351127	0.13963039014373715	0.18275154004106775	0.48049281314168374
0.11704312114989732	0.19301848049281312	0.6632443531827515	0.026694045174537984
0.8747433264887063	0.028747433264887063	0.03696098562628337	0.059548254620123205
0.11498973305954825	0.3408624229979466	0.4353182751540041	0.10882956878850103
0.4928131416837782	0.2546201232032854	0.12525667351129363	0.1273100616016427
0.12525667351129363	0.47638603696098564	0.2587268993839836	0.13963039014373718
0.1540041067761807	0.4065708418891171	0.20123203285420946	0.23819301848049282
URL http://hocomoco.autosome.ru/motif/SIX4_MOUSE.H11MO.0.C