MEME version 4

ALPHABET= ACGT

strands: + -

Background letter frequencies
A 0.25 C 0.25 G 0.25 T 0.25

MOTIF SMCA5_MOUSE.H11MO.0.C
letter-probability matrix: alength= 4 w= 15 nsites= 403
0.21588089330024815	0.02481389578163772	0.09429280397022333	0.6650124069478908
0.05955334987593052	0.0	0.8511166253101737	0.08933002481389578
0.04466501240694789	0.04218362282878412	0.8982630272952854	0.01488833746898263
0.7568238213399504	0.18610421836228289	0.02481389578163772	0.03225806451612903
0.5062034739454094	0.228287841191067	0.18610421836228289	0.0794044665012407
0.0794044665012407	0.09181141439205956	0.17121588089330025	0.6575682382133995
0.20099255583126552	0.28287841191067	0.315136476426799	0.20099255583126552
0.1513647642679901	0.1761786600496278	0.6377171215880894	0.034739454094292806
0.71712158808933	0.04466501240694789	0.18362282878411912	0.05459057071960298
0.7766749379652605	0.04962779156327544	0.062034739454094295	0.11166253101736973
0.05707196029776675	0.019851116625310174	0.1315136476426799	0.7915632754342432
0.052109181141439205	0.017369727047146403	0.9057071960297767	0.02481389578163772
0.03970223325062035	0.13647642679900746	0.7965260545905707	0.02729528535980149
0.8337468982630273	0.08684863523573201	0.02729528535980149	0.052109181141439205
0.6699751861042184	0.034739454094292806	0.2555831265508685	0.03970223325062035
URL http://hocomoco.autosome.ru/motif/SMCA5_MOUSE.H11MO.0.C