MEME version 4

ALPHABET= ACGT

strands: + -

Background letter frequencies
A 0.25 C 0.25 G 0.25 T 0.25

MOTIF SOX2_MOUSE.H11MO.0.A
letter-probability matrix: alength= 4 w= 16 nsites= 499
0.07014028056112225	0.1843687374749499	0.2925851703406814	0.45290581162324645
0.056112224448897796	0.56312625250501	0.14228456913827656	0.23847695390781562
0.0501002004008016	0.5450901803607214	0.01603206412825651	0.3887775551102204
0.438877755511022	0.012024048096192385	0.008016032064128256	0.5410821643286573
0.0020040080160320644	0.022044088176352707	0.010020040080160322	0.9659318637274549
0.014028056112224449	0.0020040080160320644	0.004008016032064129	0.9799599198396793
0.0781563126252505	0.15230460921843686	0.7454909819639278	0.02404809619238477
0.10420841683366734	0.0020040080160320644	0.02404809619238477	0.8697394789579158
0.22645290581162322	0.24849699398797592	0.156312625250501	0.3687374749498998
0.6813627254509018	0.07815631262525051	0.06613226452905813	0.1743486973947896
0.07214428857715431	0.010020040080160322	0.03807615230460922	0.8797595190380761
0.03807615230460922	0.05811623246492986	0.751503006012024	0.1523046092184369
0.04809619238476954	0.6352705410821644	0.11823647294589179	0.19839679358717435
0.5591182364729459	0.10220440881763526	0.03406813627254509	0.3046092184368737
0.5551102204408818	0.09418837675350701	0.14428857715430862	0.20641282565130262
0.7735470941883767	0.03807615230460922	0.07615230460921844	0.11222444889779559
URL http://hocomoco.autosome.ru/motif/SOX2_MOUSE.H11MO.0.A