MEME version 4

ALPHABET= ACGT

strands: + -

Background letter frequencies
A 0.25 C 0.25 G 0.25 T 0.25

MOTIF SP1_MOUSE.H11MO.0.A
letter-probability matrix: alength= 4 w= 24 nsites= 489
0.05930470347648262	0.14110429447852763	0.7137014314928426	0.08588957055214724
0.1247443762781186	0.15541922290388546	0.6503067484662577	0.06952965235173823
0.23108384458077708	0.26380368098159507	0.4539877300613496	0.05112474437627811
0.13905930470347647	0.17791411042944785	0.6298568507157464	0.05316973415132924
0.13496932515337423	0.11247443762781185	0.7259713701431493	0.02658486707566462
0.23926380368098157	0.11860940695296522	0.5521472392638037	0.08997955010224948
0.15746421267893662	0.049079754601226995	0.7382413087934561	0.05521472392638037
0.1574642126789366	0.2433537832310838	0.5705521472392638	0.028629856850715743
0.39877300613496935	0.2392638036809816	0.22494887525562374	0.13701431492842536
0.17177914110429446	0.08793456032719836	0.7177914110429447	0.02249488752556237
0.130879345603272	0.05521472392638037	0.7709611451942741	0.04294478527607362
0.17586912065439675	0.053169734151329244	0.736196319018405	0.034764826175869123
0.11451942740286299	0.049079754601226995	0.7995910020449898	0.03680981595092025
0.049079754601226995	0.016359918200409	0.9263803680981595	0.0081799591002045
0.3108384458077709	0.6114519427402862	0.014314928425357872	0.06339468302658487
0.065439672801636	0.012269938650306749	0.9141104294478528	0.0081799591002045
0.0408997955010225	0.022494887525562373	0.9284253578732107	0.0081799591002045
0.2576687116564417	0.028629856850715743	0.6952965235173824	0.01840490797546012
0.034764826175869123	0.018404907975460124	0.9304703476482618	0.016359918200409
0.24948875255623723	0.5807770961145194	0.11656441717791412	0.053169734151329244
0.17995910020449896	0.38445807770961143	0.3476482617586912	0.08793456032719836
0.11656441717791412	0.07770961145194274	0.6850715746421269	0.12065439672801637
0.11860940695296524	0.12883435582822086	0.7157464212678937	0.03680981595092025
0.1574642126789366	0.11860940695296522	0.6993865030674846	0.024539877300613494
URL http://hocomoco.autosome.ru/motif/SP1_MOUSE.H11MO.0.A