MEME version 4

ALPHABET= ACGT

strands: + -

Background letter frequencies
A 0.25 C 0.25 G 0.25 T 0.25

MOTIF SP5_MOUSE.H11MO.0.C
letter-probability matrix: alength= 4 w= 24 nsites= 499
0.28256513026052105	0.13827655310621242	0.47094188376753504	0.10821643286573145
0.32665330661322645	0.10621242484969941	0.39478957915831664	0.17234468937875752
0.18837675350701402	0.11022044088176351	0.5731462925851704	0.1282565130260521
0.2384769539078156	0.07014028056112225	0.5430861723446894	0.14829659318637273
0.35270541082164325	0.05611222444889779	0.5370741482965932	0.05410821643286572
0.20841683366733466	0.07014028056112225	0.6332665330661322	0.08817635270541081
0.20841683366733466	0.14228456913827656	0.595190380761523	0.05410821643286572
0.37074148296593185	0.1783567134268537	0.32665330661322645	0.12424849699398796
0.2064128256513026	0.058116232464929855	0.5791583166332666	0.156312625250501
0.1843687374749499	0.11623246492985971	0.6052104208416833	0.09418837675350701
0.28857715430861725	0.09819639278557113	0.5230460921843687	0.09018036072144288
0.16432865731462926	0.06412825651302605	0.7034068136272544	0.06813627254509018
0.3346693386773547	0.17034068136272543	0.40881763527054105	0.08617234468937875
0.42284569138276556	0.07615230460921844	0.3026052104208417	0.19839679358717435
0.23046092184368736	0.06212424849699398	0.6092184368737474	0.09819639278557113
0.2344689378757515	0.03206412825651302	0.5410821643286573	0.19238476953907815
0.2625250501002004	0.006012024048096193	0.7134268537074148	0.018036072144288578
0.03006012024048096	0.022044088176352707	0.9398797595190381	0.008016032064128258
0.026052104208416835	0.03206412825651303	0.9138276553106213	0.028056112224448898
0.6152304609218436	0.26452905811623245	0.008016032064128256	0.11222444889779558
0.11823647294589179	0.016032064128256515	0.8176352705410822	0.04809619238476954
0.008016032064128258	0.02404809619238477	0.9378757515030061	0.03006012024048096
0.501002004008016	0.0	0.48897795591182364	0.010020040080160322
0.056112224448897796	0.02404809619238477	0.87374749498998	0.04609218436873748
URL http://hocomoco.autosome.ru/motif/SP5_MOUSE.H11MO.0.C