MEME version 4

ALPHABET= ACGT

strands: + -

Background letter frequencies
A 0.25 C 0.25 G 0.25 T 0.25

MOTIF SP7_MOUSE.H11MO.0.A
letter-probability matrix: alength= 4 w= 14 nsites= 500
0.32	0.35400000000000004	0.246	0.08
0.484	0.166	0.098	0.252
0.786	0.018000000000000002	0.16	0.036000000000000004
0.424	0.362	0.192	0.022000000000000002
0.06	0.738	0.14	0.062
0.182	0.7080000000000001	0.036000000000000004	0.07400000000000001
0.082	0.1	0.034	0.784
0.424	0.084	0.458	0.034
0.012	0.168	0.054	0.766
0.6920000000000001	0.168	0.048	0.092
0.904	0.064	0.01	0.022000000000000002
0.006000000000000001	0.002	0.008	0.984
0.004	0.128	0.004	0.864
0.596	0.027999999999999997	0.016	0.36
URL http://hocomoco.autosome.ru/motif/SP7_MOUSE.H11MO.0.A