MEME version 4

ALPHABET= ACGT

strands: + -

Background letter frequencies
A 0.25 C 0.25 G 0.25 T 0.25

MOTIF SRF_MOUSE.H11MO.0.A
letter-probability matrix: alength= 4 w= 17 nsites= 374
0.12032085561497326	0.20588235294117646	0.0962566844919786	0.5775401069518716
0.0748663101604278	0.0962566844919786	0.2192513368983957	0.6096256684491979
0.06417112299465241	0.31283422459893045	0.2540106951871658	0.3689839572192513
0.0106951871657754	0.9545454545454546	0.0106951871657754	0.02406417112299465
0.008021390374331552	0.9491978609625669	0.0	0.0427807486631016
0.3235294117647059	0.045454545454545456	0.0053475935828877	0.6256684491978609
0.06417112299465241	0.03208556149732621	0.0374331550802139	0.8663101604278075
0.6363636363636364	0.0481283422459893	0.040106951871657755	0.27540106951871657
0.026737967914438502	0.0481283422459893	0.013368983957219251	0.9117647058823529
0.4385026737967914	0.06684491978609626	0.02406417112299465	0.47058823529411764
0.18181818181818182	0.02406417112299465	0.0374331550802139	0.7566844919786097
0.12299465240641712	0.008021390374331552	0.8556149732620321	0.013368983957219251
0.03208556149732621	0.00267379679144385	0.9411764705882353	0.02406417112299465
0.12299465240641712	0.5481283422459893	0.18449197860962566	0.1443850267379679
0.2700534759358289	0.44919786096256686	0.05080213903743316	0.22994652406417113
0.5320855614973262	0.10160427807486631	0.11764705882352941	0.24866310160427807
0.15775401069518716	0.25668449197860965	0.17914438502673796	0.40641711229946526
URL http://hocomoco.autosome.ru/motif/SRF_MOUSE.H11MO.0.A