MEME version 4

ALPHABET= ACGT

strands: + -

Background letter frequencies
A 0.25 C 0.25 G 0.25 T 0.25

MOTIF STAT6_MOUSE.H11MO.0.A
letter-probability matrix: alength= 4 w= 14 nsites= 407
0.08353808353808354	0.3488943488943489	0.1597051597051597	0.4078624078624078
0.022113022113022116	0.029484029484029485	0.007371007371007372	0.941031941031941
0.0171990171990172	0.0171990171990172	0.004914004914004915	0.9606879606879607
0.049140049140049144	0.8722358722358723	0.007371007371007372	0.07125307125307125
0.12285012285012285	0.6560196560196561	0.00982800982800983	0.2113022113022113
0.33169533169533166	0.21867321867321865	0.06142506142506142	0.38820638820638814
0.25061425061425063	0.3095823095823096	0.3660933660933661	0.07371007371007371
0.5823095823095823	0.03194103194103194	0.19901719901719903	0.18673218673218675
0.0171990171990172	0.02702702702702703	0.9066339066339066	0.049140049140049144
0.9631449631449631	0.014742014742014743	0.0024570024570024574	0.01965601965601966
0.918918918918919	0.049140049140049144	0.02702702702702703	0.004914004914004915
0.28992628992628994	0.4127764127764128	0.17936117936117937	0.11793611793611794
0.21621621621621623	0.257985257985258	0.06142506142506143	0.4643734643734644
0.1769041769041769	0.32186732186732187	0.3931203931203931	0.1081081081081081
URL http://hocomoco.autosome.ru/motif/STAT6_MOUSE.H11MO.0.A