MEME version 4

ALPHABET= ACGT

strands: + -

Background letter frequencies
A 0.25 C 0.25 G 0.25 T 0.25

MOTIF STAT1_MOUSE.H11MO.0.A
letter-probability matrix: alength= 4 w= 22 nsites= 500
0.4759999999999999	0.09399999999999999	0.32999999999999996	0.09999999999999999
0.368	0.07400000000000001	0.508	0.05
0.358	0.041999999999999996	0.584	0.016
0.724	0.018000000000000002	0.244	0.014
0.93	0.036000000000000004	0.034	0.0
0.844	0.034	0.084	0.038000000000000006
0.342	0.33	0.14200000000000002	0.186
0.33199999999999996	0.11199999999999999	0.16	0.39599999999999996
0.14600000000000002	0.012	0.838	0.004
0.91	0.016	0.052000000000000005	0.022000000000000002
0.932	0.02	0.044000000000000004	0.004
0.924	0.014	0.046	0.016
0.2	0.502	0.254	0.044000000000000004
0.176	0.22999999999999998	0.057999999999999996	0.536
0.228	0.23600000000000002	0.39	0.14600000000000002
0.738	0.094	0.078	0.09000000000000001
0.554	0.14600000000000002	0.162	0.138
0.5079999999999999	0.09399999999999999	0.304	0.09399999999999999
0.21599999999999997	0.288	0.372	0.12399999999999999
0.486	0.202	0.122	0.19
0.422	0.164	0.238	0.17600000000000002
0.4799999999999999	0.11199999999999999	0.272	0.136
URL http://hocomoco.autosome.ru/motif/STAT1_MOUSE.H11MO.0.A