MEME version 4

ALPHABET= ACGT

strands: + -

Background letter frequencies
A 0.25 C 0.25 G 0.25 T 0.25

MOTIF TAF1_MOUSE.H11MO.0.A
letter-probability matrix: alength= 4 w= 14 nsites= 500
0.288	0.33599999999999997	0.312	0.064
0.7220000000000001	0.018000000000000002	0.238	0.022000000000000002
0.752	0.036000000000000004	0.166	0.046
0.302	0.09399999999999999	0.586	0.018
0.878	0.052000000000000005	0.062	0.008
0.314	0.044	0.09999999999999999	0.542
0.14400000000000002	0.016	0.8200000000000001	0.02
0.048	0.012	0.924	0.016
0.29	0.6679999999999999	0.023999999999999997	0.018
0.216	0.036000000000000004	0.672	0.07600000000000001
0.156	0.08399999999999999	0.73	0.029999999999999995
0.274	0.52	0.102	0.104
0.15000000000000002	0.18000000000000002	0.508	0.162
0.136	0.21999999999999997	0.54	0.104
URL http://hocomoco.autosome.ru/motif/TAF1_MOUSE.H11MO.0.A