MEME version 4

ALPHABET= ACGT

strands: + -

Background letter frequencies
A 0.25 C 0.25 G 0.25 T 0.25

MOTIF TAL1_MOUSE.H11MO.0.A
letter-probability matrix: alength= 4 w= 20 nsites= 500
0.114	0.54	0.202	0.14400000000000002
0.06999999999999999	0.19599999999999998	0.134	0.6
0.018	0.044	0.6519999999999999	0.286
0.09000000000000001	0.272	0.43	0.20800000000000002
0.178	0.264	0.294	0.264
0.26	0.21799999999999997	0.272	0.24999999999999997
0.26	0.21799999999999997	0.32599999999999996	0.19599999999999998
0.288	0.19999999999999998	0.268	0.24399999999999997
0.23600000000000002	0.242	0.272	0.25
0.41000000000000003	0.14	0.252	0.198
0.18	0.38599999999999995	0.33999999999999997	0.09399999999999999
0.6839999999999999	0.018	0.0	0.298
0.002	0.0	0.998	0.0
0.99	0.002	0.002	0.006000000000000001
0.006000000000000001	0.012	0.008	0.974
0.982	0.002	0.0	0.016
0.924	0.006000000000000001	0.056	0.014
0.154	0.176	0.602	0.068
0.39799999999999996	0.182	0.374	0.046
0.388	0.216	0.254	0.14200000000000002
URL http://hocomoco.autosome.ru/motif/TAL1_MOUSE.H11MO.0.A