MEME version 4

ALPHABET= ACGT

strands: + -

Background letter frequencies
A 0.25 C 0.25 G 0.25 T 0.25

MOTIF TCF7_MOUSE.H11MO.0.A
letter-probability matrix: alength= 4 w= 16 nsites= 500
0.32799999999999996	0.272	0.308	0.092
0.44399999999999995	0.19199999999999998	0.324	0.04
0.666	0.058	0.23	0.046
0.19999999999999998	0.364	0.418	0.018
0.7060000000000001	0.08	0.046	0.168
0.274	0.026	0.19799999999999998	0.5019999999999999
0.09	0.5619999999999999	0.316	0.032
0.956	0.004	0.012	0.028
0.88	0.038000000000000006	0.08	0.002
0.87	0.02	0.08800000000000001	0.022000000000000002
0.22599999999999998	0.066	0.6839999999999999	0.023999999999999997
0.3	0.22199999999999998	0.38399999999999995	0.09399999999999999
0.38599999999999995	0.264	0.298	0.052
0.43199999999999994	0.212	0.314	0.041999999999999996
0.352	0.22199999999999998	0.3	0.12599999999999997
0.27599999999999997	0.33999999999999997	0.304	0.08
URL http://hocomoco.autosome.ru/motif/TCF7_MOUSE.H11MO.0.A