MEME version 4

ALPHABET= ACGT

strands: + -

Background letter frequencies
A 0.25 C 0.25 G 0.25 T 0.25

MOTIF TEAD4_MOUSE.H11MO.0.A
letter-probability matrix: alength= 4 w= 15 nsites= 500
0.522	0.013999999999999999	0.422	0.041999999999999996
0.25	0.6940000000000001	0.052000000000000005	0.004
0.97	0.012	0.01	0.008
0.0	0.008	0.004	0.988
0.042	0.008	0.052000000000000005	0.898
0.0	0.936	0.018000000000000002	0.046
0.002	0.78	0.0	0.218
0.32599999999999996	0.036	0.02	0.618
0.156	0.154	0.5499999999999999	0.13999999999999999
0.29400000000000004	0.106	0.46	0.14
0.184	0.472	0.306	0.038
0.5900000000000001	0.106	0.14400000000000002	0.16
0.06199999999999999	0.154	0.142	0.642
0.264	0.132	0.21999999999999997	0.38399999999999995
0.11399999999999999	0.39999999999999997	0.174	0.312
URL http://hocomoco.autosome.ru/motif/TEAD4_MOUSE.H11MO.0.A