MEME version 4

ALPHABET= ACGT

strands: + -

Background letter frequencies
A 0.25 C 0.25 G 0.25 T 0.25

MOTIF TF2L1_MOUSE.H11MO.0.C
letter-probability matrix: alength= 4 w= 19 nsites= 490
0.4265306122448979	0.10408163265306121	0.31224489795918364	0.15714285714285714
0.44693877551020406	0.04897959183673469	0.22857142857142854	0.2755102040816326
0.0	0.9836734693877551	0.014285714285714285	0.0020408163265306124
0.024489795918367346	0.6163265306122448	0.0	0.35918367346938773
0.3510204081632653	0.0	0.5489795918367347	0.09999999999999999
0.0	0.0163265306122449	0.9836734693877551	0.0
0.09795918367346938	0.2551020408163265	0.0163265306122449	0.6306122448979592
0.0489795918367347	0.1959183673469388	0.004081632653061225	0.7510204081632653
0.024489795918367346	0.6040816326530613	0.0326530612244898	0.3387755102040816
0.3224489795918367	0.2897959183673469	0.09591836734693877	0.29183673469387755
0.4122448979591836	0.1306122448979592	0.3204081632653061	0.13673469387755102
0.2857142857142857	0.04081632653061224	0.373469387755102	0.3
0.0	0.9428571428571428	0.04285714285714286	0.014285714285714285
0.06938775510204082	0.5795918367346938	0.0020408163265306124	0.34897959183673466
0.3081632653061224	0.00816326530612245	0.5428571428571428	0.14081632653061224
0.004081632653061225	0.061224489795918366	0.9326530612244898	0.0020408163265306124
0.16122448979591836	0.34489795918367344	0.0673469387755102	0.4265306122448979
0.1183673469387755	0.2040816326530612	0.07551020408163266	0.6020408163265306
0.09183673469387754	0.43061224489795913	0.14489795918367346	0.3326530612244898
URL http://hocomoco.autosome.ru/motif/TF2L1_MOUSE.H11MO.0.C