MEME version 4

ALPHABET= ACGT

strands: + -

Background letter frequencies
A 0.25 C 0.25 G 0.25 T 0.25

MOTIF THA11_MOUSE.H11MO.0.B
letter-probability matrix: alength= 4 w= 22 nsites= 128
0.140625	0.03125	0.484375	0.34375
0.015625	0.046875	0.8203125	0.1171875
0.09375	0.734375	0.1328125	0.0390625
0.5	0.34375	0.0234375	0.1328125
0.03125	0.1640625	0.0078125	0.796875
0.0390625	0.234375	0.375	0.3515625
0.0390625	0.7890625	0.078125	0.09375
0.0703125	0.1484375	0.0078125	0.7734375
0.0078125	0.015625	0.9375	0.0390625
0.0078125	0.0	0.9375	0.0546875
0.0703125	0.0234375	0.8828125	0.0234375
0.8359375	0.03125	0.0859375	0.046875
0.3828125	0.125	0.390625	0.1015625
0.265625	0.09375	0.1171875	0.5234375
0.046875	0.1015625	0.03125	0.8203125
0.0	0.0	0.9453125	0.0546875
0.03125	0.0234375	0.09375	0.8515625
0.8671875	0.03125	0.078125	0.0234375
0.015625	0.0078125	0.96875	0.0078125
0.0078125	0.0078125	0.0703125	0.9140625
0.0390625	0.40625	0.0390625	0.515625
0.0390625	0.546875	0.0625	0.3515625
URL http://hocomoco.autosome.ru/motif/THA11_MOUSE.H11MO.0.B