MEME version 4

ALPHABET= ACGT

strands: + -

Background letter frequencies
A 0.25 C 0.25 G 0.25 T 0.25

MOTIF THA_MOUSE.H11MO.0.C
letter-probability matrix: alength= 4 w= 17 nsites= 500
0.37	0.146	0.39399999999999996	0.09
0.5499999999999999	0.016	0.374	0.05999999999999999
0.114	0.014	0.84	0.032
0.054	0.024	0.762	0.16
0.05399999999999999	0.11399999999999999	0.184	0.648
0.024	0.79	0.08	0.106
0.84	0.062	0.034	0.064
0.176	0.23799999999999996	0.22799999999999998	0.358
0.19	0.376	0.182	0.252
0.052	0.284	0.06999999999999999	0.594
0.286	0.18799999999999997	0.44199999999999995	0.08399999999999999
0.722	0.006	0.256	0.016
0.02	0.004	0.968	0.008
0.014	0.018000000000000002	0.928	0.04
0.39999999999999997	0.148	0.08	0.372
0.052000000000000005	0.808	0.052000000000000005	0.08800000000000001
0.864	0.03	0.056	0.05
URL http://hocomoco.autosome.ru/motif/THA_MOUSE.H11MO.0.C