MEME version 4

ALPHABET= ACGT

strands: + -

Background letter frequencies
A 0.25 C 0.25 G 0.25 T 0.25

MOTIF TWST1_MOUSE.H11MO.0.B
letter-probability matrix: alength= 4 w= 17 nsites= 500
0.448	0.28200000000000003	0.182	0.08800000000000001
0.054	0.896	0.032	0.018000000000000002
0.902	0.02	0.046	0.032
0.018	0.064	0.258	0.6599999999999999
0.214	0.68	0.098	0.008
0.008	0.002	0.0	0.99
0.0	0.002	0.984	0.014
0.016	0.12399999999999999	0.602	0.258
0.27599999999999997	0.072	0.09	0.5619999999999999
0.27999999999999997	0.09999999999999999	0.08	0.54
0.102	0.29	0.12399999999999999	0.48399999999999993
0.05999999999999999	0.33999999999999997	0.11599999999999999	0.48399999999999993
0.372	0.28800000000000003	0.214	0.126
0.8160000000000001	0.058	0.064	0.062
0.03	0.04	0.07600000000000001	0.854
0.104	0.16399999999999998	0.034	0.698
0.628	0.046	0.07200000000000001	0.254
URL http://hocomoco.autosome.ru/motif/TWST1_MOUSE.H11MO.0.B