MEME version 4

ALPHABET= ACGT

strands: + -

Background letter frequencies
A 0.25 C 0.25 G 0.25 T 0.25

MOTIF ZBT17_MOUSE.H11MO.0.A
letter-probability matrix: alength= 4 w= 19 nsites= 500
0.09999999999999999	0.266	0.5519999999999999	0.08199999999999999
0.162	0.21799999999999997	0.548	0.072
0.178	0.316	0.45599999999999996	0.049999999999999996
0.178	0.146	0.586	0.09
0.08399999999999999	0.152	0.6739999999999999	0.09
0.3	0.21999999999999997	0.158	0.322
0.044000000000000004	0.03	0.902	0.024
0.078	0.052000000000000005	0.8180000000000001	0.052000000000000005
0.162	0.028	0.776	0.034
0.084	0.014	0.884	0.018000000000000002
0.014	0.004	0.98	0.002
0.636	0.292	0.011999999999999999	0.05999999999999999
0.122	0.006000000000000001	0.844	0.028
0.04	0.016	0.932	0.012
0.14	0.004	0.8220000000000001	0.034
0.078	0.044000000000000004	0.87	0.008
0.35800000000000004	0.442	0.128	0.07200000000000001
0.23399999999999999	0.144	0.532	0.09
0.132	0.21	0.582	0.076
URL http://hocomoco.autosome.ru/motif/ZBT17_MOUSE.H11MO.0.A