MEME version 4

ALPHABET= ACGT

strands: + -

Background letter frequencies
A 0.25 C 0.25 G 0.25 T 0.25

MOTIF ZFX_MOUSE.H11MO.0.B
letter-probability matrix: alength= 4 w= 19 nsites= 480
0.22573488461369776	0.12322548837606086	0.5242651153863025	0.12677451162393885
0.021737767393254056	0.497306882608938	0.34251209337540334	0.13844325662240473
0.012865209273558654	0.7786296749135952	0.007541674401741261	0.20096344141110484
0.0643260463677929	0.299923814400864	0.409943535085091	0.225806604146252
0.3882057676918365	0.2661767435908667	0.3260978608539666	0.019519627863330172
0.02484316273514771	0.08831330324612538	0.8850690223947878	0.0017745116239391175
0.0	0.005323534871817381	0.9946764651281826	0.0
0.0	0.998225488376061	0.001774511623939124	0.0
0.0	0.9929019535042434	0.0035490232478782462	0.0035490232478782462
0.0017745116239391233	0.0017745116239391233	0.0035490232478782467	0.9929019535042435
0.1463972089749768	0.19963255769314978	0.5821025125623394	0.07186772076953402
0.17792614025504996	0.33981897598434097	0.39264204675168396	0.0896128370089252
0.146840836880961	0.235566418077917	0.470751908160161	0.146840836880961
0.16772269841739998	0.3402626038903249	0.37356604679433897	0.11844865089793599
0.09715451141066625	0.5133401871346992	0.2799292086763946	0.10957609277823983
0.08118390679521437	0.4459087454250129	0.3118704179072989	0.16103692987247395
0.08473293004309254	0.563026512604994	0.2515370226933686	0.10070353465854483
0.100703534658545	0.30477237141154295	0.292350790043969	0.30217330388594293
0.12366911628204513	0.3738752552574614	0.3681394424348134	0.13431618602568013
URL http://hocomoco.autosome.ru/motif/ZFX_MOUSE.H11MO.0.B