MEME version 4

ALPHABET= ACGT

strands: + -

Background letter frequencies
A 0.25 C 0.25 G 0.25 T 0.25

MOTIF ZIC2_MOUSE.H11MO.0.C
letter-probability matrix: alength= 4 w= 15 nsites= 500
0.19199999999999998	0.12599999999999997	0.38199999999999995	0.3
0.21999999999999997	0.144	0.596	0.04
0.158	0.6020000000000001	0.122	0.11800000000000001
0.09599999999999999	0.48199999999999993	0.05399999999999999	0.368
0.274	0.38599999999999995	0.066	0.274
0.004	0.988	0.002	0.006000000000000001
0.056	0.92	0.002	0.022000000000000002
0.046	0.164	0.002	0.788
0.064	0.016	0.908	0.012
0.004	0.868	0.078	0.05
0.092	0.02	0.068	0.8200000000000001
0.01	0.0	0.984	0.006000000000000001
0.414	0.086	0.206	0.294
0.008	0.068	0.794	0.13
0.42	0.28400000000000003	0.07600000000000001	0.22
URL http://hocomoco.autosome.ru/motif/ZIC2_MOUSE.H11MO.0.C