MEME version 4

ALPHABET= ACGT

strands: + -

Background letter frequencies
A 0.25 C 0.25 G 0.25 T 0.25

MOTIF ZN143_MOUSE.H11MO.0.A
letter-probability matrix: alength= 4 w= 22 nsites= 463
0.16846652267818576	0.058315334773218146	0.5010799136069114	0.27213822894168466
0.03023758099352052	0.02591792656587473	0.9092872570194385	0.03455723542116631
0.09071274298056156	0.6393088552915768	0.20950323974082075	0.06047516198704104
0.4535637149028078	0.39092872570194387	0.05399568034557235	0.10151187904967603
0.02807775377969762	0.20518358531317493	0.07127429805615551	0.6954643628509719
0.04319654427645788	0.2073434125269978	0.44060475161987034	0.30885529157667385
0.11879049676025918	0.7235421166306696	0.07775377969762419	0.0799136069114471
0.010799136069114472	0.16630669546436286	0.023758099352051837	0.7991360691144709
0.012958963282937365	0.006479481641468683	0.980561555075594	0.0
0.004319654427645789	0.004319654427645789	0.980561555075594	0.010799136069114472
0.028077753779697623	0.0021598272138228943	0.9568034557235421	0.012958963282937365
0.879049676025918	0.03023758099352052	0.058315334773218146	0.032397408207343416
0.48164146868250535	0.09719222462203023	0.3304535637149028	0.09071274298056155
0.37365010799136067	0.08855291576673865	0.10799136069114469	0.4298056155507559
0.03023758099352052	0.09287257019438445	0.05183585313174946	0.8250539956803455
0.021598272138228944	0.010799136069114472	0.9654427645788337	0.0021598272138228943
0.06263498920086392	0.04319654427645789	0.0755939524838013	0.8185745140388769
0.9092872570194385	0.006479481641468683	0.0755939524838013	0.008639308855291577
0.010799136069114472	0.012958963282937365	0.9632829373650108	0.012958963282937365
0.006479481641468683	0.02591792656587473	0.0367170626349892	0.9308855291576674
0.021598272138228944	0.4859611231101512	0.041036717062634995	0.4514038876889849
0.038876889848812095	0.5680345572354212	0.053995680345572346	0.3390928725701944
URL http://hocomoco.autosome.ru/motif/ZN143_MOUSE.H11MO.0.A