MEME version 4

ALPHABET= ACGT

strands: + -

Background letter frequencies
A 0.25 C 0.25 G 0.25 T 0.25

MOTIF ZN322_MOUSE.H11MO.0.B
letter-probability matrix: alength= 4 w= 20 nsites= 413
0.08958837772397095	0.12590799031476999	0.7167070217917676	0.06779661016949153
0.5036319612590799	0.08474576271186442	0.1719128329297821	0.2397094430992736
0.05569007263922518	0.05569007263922518	0.7336561743341404	0.1549636803874092
0.1646489104116223	0.6295399515738499	0.031476997578692496	0.17433414043583537
0.029055690072639227	0.9443099273607748	0.002421307506053269	0.024213075060532687
0.05569007263922518	0.08474576271186442	0.0387409200968523	0.8208232445520581
0.23728813559322035	0.03389830508474576	0.6852300242130751	0.04358353510895884
0.07990314769975787	0.3970944309927361	0.42372881355932207	0.09927360774818403
0.0847457627118644	0.12106537530266342	0.10169491525423728	0.6924939467312348
0.7070217917675545	0.20096852300242132	0.041162227602905575	0.05084745762711865
0.0072639225181598075	0.9733656174334141	0.009685230024213076	0.009685230024213076
0.40920096852300236	0.08716707021791767	0.17433414043583534	0.32929782082324455
0.024213075060532687	0.3656174334140436	0.5617433414043583	0.048426150121065374
0.4673123486682808	0.0920096852300242	0.10169491525423728	0.3389830508474576
0.0387409200968523	0.029055690072639227	0.8789346246973366	0.053268765133171914
0.04358353510895884	0.801452784503632	0.0774818401937046	0.0774818401937046
0.13559322033898305	0.7360774818401937	0.041162227602905575	0.08716707021791768
0.12590799031476999	0.1016949152542373	0.1719128329297821	0.6004842615012106
0.08232445520581115	0.13559322033898305	0.6368038740920098	0.14527845036319612
0.3050847457627119	0.18401937046004843	0.387409200968523	0.1234866828087167
URL http://hocomoco.autosome.ru/motif/ZN322_MOUSE.H11MO.0.B