MEME version 4

ALPHABET= ACGT

strands: + -

Background letter frequencies
A 0.25 C 0.25 G 0.25 T 0.25

MOTIF ZN431_MOUSE.H11MO.0.C
letter-probability matrix: alength= 4 w= 23 nsites= 403
0.4317617866004963	0.10421836228287841	0.20099255583126552	0.2630272952853598
0.15384615384615385	0.31017369727047145	0.4392059553349876	0.0967741935483871
0.48635235732009924	0.05459057071960298	0.2109181141439206	0.24813895781637718
0.08933002481389578	0.2580645161290322	0.292803970223325	0.35980148883374685
0.6228287841191067	0.06451612903225806	0.2109181141439206	0.10173697270471464
0.19602977667493798	0.5409429280397022	0.13399503722084366	0.12903225806451613
0.18610421836228289	0.5732009925558312	0.07444168734491315	0.16625310173697272
0.5235732009925558	0.03970223325062035	0.3523573200992556	0.08436724565756824
0.7493796526054591	0.017369727047146403	0.10669975186104219	0.12655086848635236
0.004962779156327543	0.9454094292803971	0.019851116625310174	0.02977667493796526
0.01240694789081886	0.9379652605459057	0.017369727047146403	0.03225806451612903
0.022332506203473948	0.06451612903225806	0.0	0.913151364764268
0.9578163771712159	0.01240694789081886	0.02481389578163772	0.004962779156327543
0.9751861042183623	0.0024813895781637717	0.017369727047146403	0.004962779156327543
0.007444168734491316	0.022332506203473948	0.9602977667493796	0.009925558312655087
0.890818858560794	0.06947890818858561	0.01240694789081886	0.02729528535980149
0.02977667493796526	0.9205955334987593	0.004962779156327543	0.044665012406947896
0.9553349875930521	0.0024813895781637717	0.03722084367245657	0.004962779156327543
0.009925558312655087	0.0024813895781637717	0.9528535980148883	0.034739454094292806
0.08684863523573201	0.0024813895781637717	0.9057071960297767	0.004962779156327543
0.24069478908188585	0.4913151364764268	0.19851116625310175	0.06947890818858561
0.5880893300248139	0.044665012406947896	0.1687344913151365	0.19851116625310175
0.059553349875930514	0.4094292803970223	0.173697270471464	0.3573200992555831
URL http://hocomoco.autosome.ru/motif/ZN431_MOUSE.H11MO.0.C